1730604205845 4.215980529785156 0
1730604206846 4.2222418785095215 0
1730604207062 4.382544040679932 0
1730604207271 4.128324031829834 0
1730604207476 4.074420928955078 0
1730604207679 4.224111557006836 0
1730604207892 3.2540104389190674 0
1730604208099 4.85689640045166 0
1730604208305 5.739053726196289 0
1730604208506 5.256985664367676 0
1730604208711 5.213842391967773 0
1730604208766 4.897093296051025 0
1730604208822 4.261580467224121 0
1730604209026 3.5177836418151855 0
1730604209080 4.322292327880859 0
1730604209282 4.341862678527832 0
1730604209484 4.602019309997559 0
1730604209684 4.726197719573975 0
1730604209740 4.299434661865234 0
1730604209945 4.295668601989746 0
1730604210168 4.387768745422363 0
1730604210225 4.357577800750732 0
1730604210280 4.047567367553711 0
1730604210483 4.349451065063477 0
1730604210684 4.354193687438965 0
1730604210741 4.3920698165893555 0
1730604210795 3.980201005935669 0
1730604210996 4.1624298095703125 0
1730604211072 4.36989688873291 0
1730604211279 4.477879047393799 0
1730604211340 4.410845756530762 0
1730604211394 4.457170009613037 0
1730604211462 4.414797782897949 0
1730604211533 4.353348255157471 0
1730604211595 4.415436267852783 0
1730604211659 3.8782126903533936 0
1730604211716 4.397592544555664 0
1730604211769 4.17929220199585 0
1730604211824 4.549060344696045 0
1730604211878 4.445755481719971 0
1730604211935 4.454588890075684 0
1730604212138 4.515923976898193 0
1730604212354 4.1685709953308105 0
1730604212558 4.4335150718688965 0
1730604212614 4.025847911834717 0
1730604212668 4.4444169998168945 0
1730604212722 3.9233181476593018 0
1730604212925 4.127808094024658 0
1730604213128 4.215195178985596 0
1730604213185 4.513028144836426 0
1730604213241 4.547242164611816 0
1730604213293 4.151885986328125 0
1730604213350 4.5789875984191895 0
1730604213405 4.03211784362793 0
1730604213477 4.649622440338135 0
1730604213700 4.54723596572876 0
1730604213754 4.568939208984375 0
1730604213807 3.7909059524536133 0
1730604213861 4.518685340881348 0
1730604213915 4.029312610626221 0
1730604213970 4.496070384979248 0
1730604214024 4.540185451507568 0
1730604214077 3.8587374687194824 0
1730604214131 4.538931846618652 0
1730604214185 4.0237226486206055 0
1730604214240 4.249542236328125 0
1730604214293 4.614319801330566 0
1730604214350 4.59785795211792 0
1730604214403 4.431537628173828 0
1730604214618 4.626283168792725 0
1730604214823 4.588048458099365 0
1730604214877 4.340275764465332 0
1730604214930 4.586201190948486 0
1730604214984 4.105936527252197 0
1730604215041 4.1128926277160645 0
1730604215095 4.625372409820557 0
1730604215151 4.01781702041626 0
1730604215206 4.500253677368164 0
1730604215262 4.591053009033203 0
1730604215331 4.080245018005371 0
1730604215405 3.9643685817718506 0
1730604215475 4.122448921203613 0
1730604215538 3.982670783996582 0
1730604215603 4.230140686035156 0
1730604215689 3.925668716430664 0
1730604215756 4.317250728607178 0
1730604215822 4.3313398361206055 0
1730604215891 4.3316497802734375 0
1730604215953 4.156632423400879 0
1730604216009 4.190559387207031 0
1730604216079 4.788669109344482 0
1730604216299 3.9284534454345703 0
1730604216361 4.728759765625 0
1730604216429 3.7584168910980225 0
1730604216510 3.9361555576324463 0
1730604216797 3.7333312034606934 0
1730604216875 4.795034408569336 0
1730604216970 4.780131816864014 0
1730604217029 4.146260738372803 0
1730604217085 4.833384037017822 0
1730604217141 4.827549457550049 0
1730604217199 4.421838760375977 0
1730604217256 4.831535339355469 0
1730604217310 4.258913040161133 0
1730604217369 3.972987174987793 0
1730604217424 4.05205774307251 0
1730604217479 4.199174404144287 0
1730604217536 3.9033284187316895 0
1730604217594 4.175122261047363 0
1730604217649 4.8320722579956055 0
1730604217705 4.1915364265441895 0
1730604217763 4.209576606750488 0
1730604217818 4.077415466308594 0
1730604217873 4.198415279388428 0
1730604217927 4.240925312042236 0
1730604218150 4.030372142791748 0
1730604218216 4.903511047363281 0
1730604218281 4.389265060424805 0
1730604218344 3.720364570617676 0
1730604218409 4.022505760192871 0
1730604218474 4.014224052429199 0
1730604218537 3.9191863536834717 0
1730604218602 4.247866153717041 0
1730604218665 4.944945335388184 0
1730604218721 4.103138446807861 0
1730604218777 4.0698065757751465 0
1730604218832 3.8751564025878906 0
1730604218933 4.9410552978515625 0
1730604219040 3.874485731124878 0
1730604219115 3.914536952972412 0
1730604219183 4.482288360595703 0
1730604219261 4.111819744110107 0
1730604219325 4.4286417961120605 0
1730604219396 4.390258312225342 0
1730604219455 4.730003833770752 0
1730604219520 3.845564126968384 0
1730604219598 4.053280353546143 0
1730604219878 4.213224411010742 0
1730604219947 4.825623989105225 0
1730604220428 3.9297008514404297 0
1730604220558 4.100869178771973 0
1730604220774 4.156765460968018 0
1730604220874 4.325420379638672 0
1730604221005 5.108863830566406 0
1730604221071 3.9397695064544678 0
1730604221126 4.341636657714844 0
1730604221179 3.90451979637146 0
1730604221239 4.455863952636719 0
1730604221295 4.09028959274292 0
1730604221366 3.9742085933685303 0
1730604221453 4.291678428649902 0
1730604221548 4.07568359375 0
1730604221612 4.361381530761719 0
1730604221703 5.188636302947998 0
1730604221789 3.9868292808532715 0
1730604221886 4.3958330154418945 0
1730604221983 4.233560562133789 0
1730604222093 3.9390203952789307 0
1730604222275 3.85485577583313 0
1730604222767 5.1613874435424805 0
1730604222875 5.221942901611328 0
1730604222970 4.577570915222168 0
1730604223057 4.733837604522705 0
1730604223168 3.9330575466156006 0
1730604223251 3.892146587371826 0
1730604223333 3.888739824295044 0
1730604223396 3.8061861991882324 0
1730604223501 4.333876609802246 0
1730604223610 4.547659397125244 0
1730604223722 3.9643197059631348 0
1730604223817 3.773000478744507 0
1730604223899 4.4967451095581055 0
1730604223965 3.7988438606262207 0
1730604224026 4.167269706726074 0
1730604224087 4.419285297393799 0
1730604224146 4.330103397369385 0
1730604224204 4.007846832275391 0
1730604224265 4.593024253845215 0
1730604224325 4.5143842697143555 0
1730604224569 3.8869407176971436 0
1730604224652 3.853006362915039 0
1730604224746 4.5622477531433105 0
1730604224837 4.37939453125 0
1730604224917 4.438496112823486 0
1730604224996 5.080412864685059 0
1730604225146 3.880067825317383 0
1730604225240 4.254876613616943 0
1730604225414 4.396486282348633 0
1730604225483 4.28479528427124 0
1730604225567 4.1195878982543945 0
1730604225652 4.636943817138672 0
1730604225731 4.069040298461914 0
1730604225815 4.217643737792969 0
1730604226100 4.261850357055664 0
1730604226179 5.349403381347656 0
1730604226262 4.770428657531738 0
1730604226695 4.1921844482421875 0
1730604226847 3.7576217651367188 0
1730604226931 4.99522066116333 0
1730604226999 4.016770362854004 0
1730604227093 4.286203384399414 0
1730604227169 4.242504119873047 0
1730604227245 4.05887508392334 0
1730604227501 4.44557523727417 0
1730604227556 4.19620943069458 0
1730604227611 3.8299992084503174 0
1730604227664 5.41037654876709 0
1730604227718 4.179093360900879 0
1730604227779 4.380924224853516 0
1730604227841 4.324225902557373 0
1730604227896 3.967453956604004 0
1730604227951 4.111485958099365 0
1730604228007 4.557134628295898 0
1730604228066 5.458377361297607 0
1730604228122 4.030251502990723 0
1730604228177 4.449441432952881 0
1730604228233 3.909299850463867 0
1730604228288 3.986412286758423 0
1730604228341 4.634188652038574 0
1730604228397 4.519306182861328 0
1730604228454 3.7948524951934814 0
1730604228508 4.263845443725586 0
1730604228562 3.939258575439453 0
1730604228615 4.386471271514893 0
1730604228668 4.873644828796387 0
1730604228722 5.076286315917969 0
1730604228776 5.359233856201172 0
1730604228830 3.7709736824035645 0
1730604228885 4.129427909851074 0
1730604228941 4.118341445922852 0
1730604229003 3.982090950012207 0
1730604229064 3.930213212966919 0
1730604229123 4.205589771270752 0
1730604229180 4.105881690979004 0
1730604229404 4.17628288269043 0
1730604229463 4.034771919250488 0
1730604229520 4.546631336212158 0
1730604229575 4.390531539916992 0
1730604229630 4.158673286437988 0
1730604229691 3.8738839626312256 0
1730604229745 3.946303367614746 0
1730604229808 4.076439380645752 0
1730604229866 4.32009744644165 0
1730604229927 3.7499842643737793 0
1730604229985 4.619089126586914 0
1730604230051 4.044739246368408 0
1730604230270 4.336071014404297 0
1730604230324 4.9221038818359375 0
1730604230377 4.079000949859619 0
1730604230432 4.191962242126465 0
1730604230485 4.12668514251709 0
1730604230540 5.247642993927002 0
1730604230593 4.408200740814209 0
1730604230652 4.883113861083984 0
1730604230712 4.26080322265625 0
1730604230769 4.441102504730225 0
1730604230829 3.9294285774230957 0
1730604230885 4.218489170074463 0
1730604231107 3.9456005096435547 0
1730604231165 3.7536025047302246 0
1730604231223 4.207314491271973 0
1730604231279 4.09360408782959 0
1730604231339 4.796141624450684 0
1730604231395 4.080557346343994 0
1730604231449 4.031534671783447 0
1730604231502 5.005153656005859 0
1730604231558 4.218950271606445 0
1730604231614 4.019164562225342 0
1730604231668 4.012950897216797 0
1730604231722 3.727416753768921 0
1730604231778 3.985900402069092 0
1730604231836 3.982429027557373 0
1730604231891 4.036855697631836 0
1730604231944 4.105416774749756 0
1730604231997 3.897146224975586 0
1730604232059 4.343292236328125 0
1730604232200 4.555088520050049 0
1730604232340 4.074281692504883 0
1730604232419 3.7360708713531494 0
1730604232491 4.484623432159424 0
1730604232560 4.233440399169922 0
1730604232633 4.908761501312256 0
1730604232702 4.186563968658447 0
1730604232773 3.9449925422668457 0
1730604232842 4.351097583770752 0
1730604232912 4.317872047424316 0
1730604232983 4.023357391357422 0
1730604233072 4.160337924957275 0
1730604233248 5.006413459777832 0
1730604233462 5.267800331115723 0
1730604233596 4.322117805480957 0
1730604233713 3.860363006591797 0
1730604233860 4.172226428985596 0
1730604233942 4.445688724517822 0
1730604234085 4.094594478607178 0
1730604234233 4.42123556137085 0
1730604234312 3.9415557384490967 0
1730604234557 3.8359262943267822 0
1730604234613 3.823789358139038 0
1730604234676 4.932001113891602 0
1730604234736 4.943766117095947 0
1730604234799 3.8098909854888916 0
1730604234869 3.8058621883392334 0
1730604234931 4.299720764160156 0
1730604234996 4.0098981857299805 0
1730604235066 4.26836633682251 0
1730604235145 3.9803483486175537 0
1730604235221 5.177176475524902 0
1730604235289 4.375538349151611 0
1730604235543 4.070003032684326 0
1730604235621 3.957153797149658 0
1730604235694 4.114161968231201 0
1730604235791 5.171542644500732 0
1730604235871 4.464238166809082 0
1730604235964 4.792787075042725 0
1730604236106 4.297089576721191 0
1730604236221 4.078003406524658 0
1730604236303 3.7408413887023926 0
1730604236367 4.299152374267578 0
1730604236430 3.905217170715332 0
1730604236680 4.030144691467285 0
1730604236749 3.906186819076538 0
1730604236821 4.199679851531982 0
1730604236894 5.09173583984375 0
1730604236962 4.32159948348999 0
1730604237026 4.744486331939697 0
1730604237100 4.861729621887207 0
1730604237168 4.1847124099731445 0
1730604237236 3.9783170223236084 0
1730604237302 3.9958317279815674 0
1730604237382 3.7014925479888916 0
1730604237464 4.158116817474365 0
1730604237541 4.3905439376831055 0
1730604237599 4.239398956298828 0
1730604237664 4.036105155944824 0
1730604237725 3.9724929332733154 0
1730604237782 5.347224712371826 0
1730604237840 4.176691055297852 0
1730604237894 4.679880619049072 0
1730604237951 3.9517970085144043 0
1730604238010 4.2461981773376465 0
1730604238080 4.72660493850708 0
1730604238136 4.334064483642578 0
1730604238197 4.2123703956604 0
1730604238256 4.318509578704834 0
1730604238310 4.03990364074707 0
1730604238363 4.296213626861572 0
1730604238423 4.080502986907959 0
1730604238498 4.180325031280518 0
1730604238569 4.796262264251709 0
1730604238634 3.9802701473236084 0
1730604238690 4.8475494384765625 0
1730604238744 3.8806467056274414 0
1730604238797 5.166289329528809 0
1730604238852 5.249752998352051 0
1730604238908 4.172165870666504 0
1730604238963 4.442672252655029 0
1730604239018 4.248724937438965 0
1730604239079 4.129107475280762 0
1730604239135 3.7652430534362793 0
1730604239190 4.507595539093018 0
1730604239243 4.170858383178711 0
1730604239296 4.215841770172119 0
1730604239350 4.664185523986816 0
1730604239403 4.655481815338135 0
1730604239457 3.9562923908233643 0
1730604239510 3.788425922393799 0
1730604239563 4.1838154792785645 0
1730604239617 4.073092937469482 0
1730604239672 3.6788880825042725 0
1730604239726 4.325058937072754 0
1730604239780 4.284046173095703 0
1730604239834 4.126119136810303 0
1730604239886 3.882268190383911 0
1730604239940 3.737051486968994 0
1730604239994 3.8033645153045654 0
1730604240049 4.025971412658691 0
1730604240103 4.115833282470703 0
1730604240164 4.024464130401611 0
1730604240240 4.009565353393555 0
1730604240310 3.9510958194732666 0
1730604240369 3.852400302886963 0
1730604240424 4.065823554992676 0
1730604240479 4.448771953582764 0
1730604240535 4.574120998382568 0
1730604240598 4.065770626068115 0
1730604240662 4.736353874206543 0
1730604240730 4.052679538726807 0
1730604240796 4.121956825256348 0
1730604240853 4.138969421386719 0
1730604240911 5.0652875900268555 0
1730604240964 4.274600028991699 0
1730604241017 4.376401901245117 0
1730604241150 4.242611408233643 0
1730604241205 4.1562628746032715 0
1730604241261 5.020753860473633 0
1730604241331 4.810247898101807 0
1730604241387 5.1206583976745605 0
1730604241443 4.911328315734863 0
1730604241498 3.928093910217285 0
1730604241552 4.008766174316406 0
1730604241607 4.890869617462158 0
1730604241663 4.782496929168701 0
1730604241719 4.407624244689941 0
1730604241773 4.409195423126221 0
1730604241827 4.038449764251709 0
1730604241881 4.117831230163574 0
1730604241935 4.389860153198242 0
1730604241989 4.73895263671875 0
1730604242043 3.950885057449341 0
1730604242098 5.060089588165283 0
1730604242153 4.1395463943481445 0
1730604242209 4.835873603820801 0
1730604242266 3.790757656097412 0
1730604242324 4.089102268218994 0
1730604242549 3.925875186920166 0
1730604242617 4.043754577636719 0
1730604242677 4.680864334106445 0
1730604242732 4.213861465454102 0
1730604242786 4.844466209411621 0
1730604242849 4.974512100219727 0
1730604242919 4.203338146209717 0
1730604243007 4.015689373016357 0
1730604243102 4.541563034057617 0
1730604243339 4.326053619384766 0
1730604243396 3.807634115219116 0
1730604243454 4.359645843505859 0
1730604243509 3.95196795463562 0
1730604243564 4.663722038269043 0
1730604243619 3.9943156242370605 0
1730604243673 4.070375442504883 0
1730604243728 4.238405227661133 0
1730604243784 4.458657264709473 0
1730604243841 4.4962077140808105 0
1730604243897 4.619864463806152 0
1730604243955 4.644215106964111 0
1730604244011 4.0040202140808105 0
1730604244070 4.240418434143066 0
1730604244142 4.974551200866699 0
1730604244199 3.7758874893188477 0
1730604244256 4.711949825286865 0
1730604244310 4.146254062652588 0
1730604244367 4.611741065979004 0
1730604244424 4.308933734893799 0
1730604244480 4.441281795501709 0
1730604244543 3.9533143043518066 0
1730604244599 4.625397682189941 0
1730604244653 4.37572717666626 0
1730604244707 4.067736625671387 0
1730604244761 4.5953779220581055 0
1730604244821 4.329019546508789 0
1730604244877 4.097890377044678 0
1730604244941 3.9337668418884277 0
1730604245011 4.088758945465088 0
1730604245082 4.080489635467529 0
1730604245143 4.115015029907227 0
1730604245199 3.950321912765503 0
1730604245254 3.7324275970458984 0
1730604245310 4.255398273468018 0
1730604245366 3.9638259410858154 0
1730604245420 4.132138729095459 0
1730604245482 4.5415167808532715 0
1730604245539 4.738314628601074 0
1730604245594 4.643714427947998 0
1730604245654 4.717299461364746 0
1730604245709 3.9281439781188965 0
1730604245763 4.231922626495361 0
1730604245834 4.573094844818115 0
1730604245890 4.551948070526123 0
1730604245944 4.255650043487549 0
1730604245998 4.901041507720947 0
1730604246070 4.023085117340088 0
1730604246128 3.797057867050171 0
1730604246186 4.563787937164307 0
1730604246243 4.157234191894531 0
1730604246307 4.058684349060059 0
1730604246378 4.909667015075684 0
1730604246440 3.8931236267089844 0
1730604246496 4.459784507751465 0
1730604246551 4.021230697631836 0
1730604246618 5.192365646362305 0
1730604246699 4.086568355560303 0
1730604246785 4.072520732879639 0
1730604246870 4.301148891448975 0
1730604246960 3.9764182567596436 0
1730604247050 3.9426608085632324 0
1730604247147 4.401920318603516 0
1730604247224 4.421120643615723 0
1730604247296 4.286523342132568 0
1730604247365 4.381940841674805 0
1730604247437 4.109177112579346 0
1730604247513 4.558335781097412 0
1730604247587 4.530354022979736 0
1730604247659 4.01508903503418 0
1730604247736 4.479934215545654 0
1730604247819 4.5186543464660645 0
1730604247907 3.726073741912842 0
1730604247970 4.230165004730225 0
1730604248033 5.12884521484375 0
1730604248096 4.2176127433776855 0
1730604248161 4.849972724914551 0
1730604248413 3.783209800720215 0
1730604248478 4.878742694854736 0
1730604248540 4.581085681915283 0
1730604248603 3.9386839866638184 0
1730604248665 5.105912208557129 0
1730604248728 4.155975818634033 0
1730604248791 4.1440958976745605 0
1730604248854 3.7824456691741943 0
1730604248922 4.783870220184326 0
1730604248987 4.579858779907227 0
1730604249073 4.769063472747803 0
1730604249140 4.231611251831055 0
1730604249205 4.469501495361328 0
1730604249275 4.305942058563232 0
1730604249546 4.204896450042725 0
1730604249842 3.925650119781494 0
1730604249929 4.417062759399414 0
1730604250012 4.1921916007995605 0
1730604250081 4.486588954925537 0
1730604250151 4.025289058685303 0
1730604250235 5.028420925140381 0
1730604250330 4.185896396636963 0
1730604250407 4.502169609069824 0
1730604250483 4.404417514801025 0
1730604250558 4.2806267738342285 0
1730604250624 3.9748239517211914 0
1730604250692 4.426393985748291 0
1730604250754 4.0623369216918945 0
1730604250822 4.248284339904785 0
1730604250888 4.998768329620361 0
1730604250953 4.843121528625488 0
1730604251018 4.11029577255249 0
1730604251095 4.359846591949463 0
1730604251163 4.500657558441162 0
1730604251241 4.155211448669434 0
1730604251315 4.136758327484131 0
1730604251399 4.829573631286621 0
1730604251483 4.4225172996521 0
1730604251544 4.946841239929199 0
1730604251600 4.484591960906982 0
1730604251657 4.070219039916992 0
1730604251712 4.128593921661377 0
1730604251766 4.386216163635254 0
1730604251820 4.066490650177002 0
1730604251876 4.781558513641357 0
1730604251931 4.6080121994018555 0
1730604251987 4.188857555389404 0
1730604252045 3.9972188472747803 0
1730604252101 4.874789237976074 0
1730604252158 4.032555103302002 0
1730604252211 3.9814627170562744 0
1730604252264 4.568045139312744 0
1730604252317 4.141659259796143 0
1730604252371 3.921109676361084 0
1730604252589 4.011971950531006 0
1730604252663 4.2890472412109375 0
1730604252763 4.400568008422852 0
1730604252838 3.911454916000366 0
1730604252939 5.02686882019043 0
1730604253007 4.196535587310791 0
1730604253089 5.003818511962891 0
1730604253369 4.204821586608887 0
1730604253438 4.288697242736816 0
1730604253495 4.070569038391113 0
1730604253550 3.754410743713379 0
1730604253604 4.097569465637207 0
1730604253660 3.746098756790161 0
1730604253715 4.27736759185791 0
1730604253770 4.026221752166748 0
1730604253824 4.1373291015625 0
1730604253879 4.432680606842041 0
1730604253932 4.022294998168945 0
1730604253986 3.8059582710266113 0
1730604254041 4.244872093200684 0
1730604254094 4.194149494171143 0
1730604254148 3.792815685272217 0
1730604254202 4.950984954833984 0
1730604254255 4.404216289520264 0
1730604254310 4.386219024658203 0
1730604254364 3.687610626220703 0
1730604254419 3.9847569465637207 0
1730604254473 3.6750197410583496 0
1730604254527 4.913904190063477 0
1730604254582 3.978912830352783 0
1730604254635 4.1437201499938965 0
1730604254689 4.6471967697143555 0
1730604254743 4.3026251792907715 0
1730604254797 4.179797172546387 0
1730604254851 4.132547378540039 0
1730604254907 4.558907508850098 0
1730604254961 4.31294584274292 0
1730604255013 4.305809020996094 0
1730604255068 3.983882427215576 0
1730604255121 4.310069561004639 0
1730604255176 4.8341474533081055 0
1730604255233 4.431295394897461 0
1730604255291 4.682805061340332 0
1730604255353 4.074211597442627 0
1730604255409 3.9938809871673584 0
1730604255462 4.583883285522461 0
1730604255515 3.937213897705078 0
1730604255570 4.4179182052612305 0
1730604255624 4.17374849319458 0
1730604255678 3.9913477897644043 0
1730604255731 4.447909832000732 0
1730604255785 4.26467752456665 0
1730604255839 4.527828693389893 0
1730604255893 4.3805742263793945 0
1730604255946 4.154575347900391 0
1730604255999 4.895449638366699 0
1730604256053 4.409990310668945 0
1730604256107 3.9167051315307617 0
1730604256160 4.369545936584473 0
1730604256219 3.954209566116333 0
1730604256272 4.061739921569824 0
1730604256327 4.2112956047058105 0
1730604256380 3.9498045444488525 0
1730604256451 4.577673435211182 0
1730604256518 3.6109097003936768 0
1730604256585 4.318732738494873 0
1730604256650 4.592689514160156 0
1730604256718 4.146800994873047 0
1730604256783 4.140050888061523 0
1730604256847 4.496316909790039 0
1730604256912 3.593106269836426 0
1730604256992 4.004114151000977 0
1730604257079 4.373656749725342 0
1730604257158 4.519371032714844 0
1730604257225 4.057370185852051 0
1730604257279 4.081887245178223 0
1730604257334 4.819035530090332 0
1730604257397 4.124947547912598 0
1730604257486 4.353475093841553 0
1730604257572 4.154717922210693 0
1730604257667 4.262813568115234 0
1730604257735 4.504347801208496 0
1730604257797 4.50938606262207 0
1730604257860 4.810087203979492 0
1730604257921 4.7782440185546875 0
1730604257990 3.549075126647949 0
1730604258056 3.9100265502929688 0
1730604258133 3.899595022201538 0
1730604258207 4.1159820556640625 0
1730604258279 4.080590724945068 0
1730604258362 4.037112236022949 0
1730604258422 4.097769737243652 0
1730604258481 4.890109062194824 0
1730604258541 4.817012786865234 0
1730604258599 4.122976303100586 0
1730604258657 3.9841115474700928 0
1730604258711 4.218009948730469 0
1730604258770 4.104552745819092 0
1730604258825 4.037907123565674 0
1730604259039 4.347220420837402 0
1730604259094 3.961085319519043 0
1730604259147 4.150268077850342 0
1730604259201 4.697079181671143 0
1730604259253 3.9106156826019287 0
1730604259306 4.437110424041748 0
1730604259360 4.204047679901123 0
1730604259413 4.058812141418457 0
1730604259468 4.435099124908447 0
1730604259523 4.307072162628174 0
1730604259577 4.147832870483398 0
1730604259636 4.430870532989502 0
1730604259690 4.010376930236816 0
1730604259743 4.457806587219238 0
1730604259797 4.108332633972168 0
1730604259852 4.166736602783203 0
1730604259907 4.293612957000732 0
1730604259962 4.767955780029297 0
1730604260019 4.222444534301758 0
1730604260111 3.961796283721924 0
1730604260182 4.040562629699707 0
1730604260254 4.374972820281982 0
1730604260341 4.372299671173096 0
1730604260430 4.807313919067383 0
1730604260517 4.2608723640441895 0
1730604260599 4.02802848815918 0
1730604260675 4.339970588684082 0
1730604260750 4.2213006019592285 0
1730604260831 4.088865280151367 0
1730604260904 4.31968355178833 0
1730604260975 4.360940456390381 0
1730604261042 4.0742411613464355 0
1730604261109 4.336706161499023 0
1730604261178 4.205289840698242 0
1730604261245 4.000822067260742 0
1730604261316 3.976064682006836 0
1730604261380 4.3625335693359375 0
1730604261450 4.201084613800049 0
1730604261518 4.235479831695557 0
1730604261588 3.890467882156372 0
1730604261656 3.9945425987243652 0
1730604261720 4.233675003051758 0
1730604261788 3.8580873012542725 0
1730604261857 3.9028353691101074 0
1730604261922 4.880255222320557 0
1730604262173 3.9694807529449463 0
1730604262263 4.176374435424805 0
1730604262336 4.156350135803223 0
1730604262555 4.586697101593018 0
1730604262623 4.310874938964844 0
1730604262698 4.504070281982422 0
1730604262765 4.358848571777344 0
1730604262834 4.122960090637207 0
1730604262897 4.866106986999512 0
1730604262957 4.0499267578125 0
1730604263012 4.279374599456787 0
1730604263066 4.630498886108398 0
1730604263119 4.271655082702637 0
1730604263175 4.187582015991211 0
1730604263243 4.317389965057373 0
1730604263310 3.8265111446380615 0
1730604263398 4.04065465927124 0
1730604263468 4.180923938751221 0
1730604263546 4.15189266204834 0
1730604263628 4.274181365966797 0
1730604263701 4.14884090423584 0
1730604263769 4.1267828941345215 0
1730604263831 4.160743236541748 0
1730604263895 4.012950897216797 0
1730604263960 4.41231632232666 0
1730604264023 4.4777045249938965 0
1730604264144 4.227203369140625 0
1730604264218 4.119014739990234 0
1730604264285 4.307450294494629 0
1730604264353 4.3844146728515625 0
1730604264426 3.952279567718506 0
1730604264526 4.7465057373046875 0
1730604264599 4.790353775024414 0
1730604264700 4.7805328369140625 0
1730604264777 4.413998603820801 0
1730604264844 4.427765369415283 0
1730604264917 4.117002487182617 0
1730604265005 4.705118179321289 0
1730604265089 4.103575229644775 0
1730604265167 4.3316826820373535 0
1730604265249 4.074788570404053 0
1730604265454 4.823733806610107 0
1730604265612 4.373402118682861 0
1730604265799 4.255032062530518 0
1730604265902 4.665674686431885 0
1730604266087 3.9727706909179688 0
1730604266173 4.2280473709106445 0
1730604266253 3.918667793273926 0
1730604266319 4.623812675476074 0
1730604266377 3.9838385581970215 0
1730604266430 4.730190277099609 0
1730604266483 4.3839569091796875 0
1730604266538 4.168972015380859 0
1730604266591 3.646390676498413 0
1730604266645 4.454155445098877 0
1730604266706 4.171077728271484 0
1730604266762 4.015279769897461 0
1730604266821 4.439624309539795 0
1730604266877 4.109757423400879 0
1730604266933 3.949702739715576 0
1730604266991 3.8145675659179688 0
1730604267053 4.724360466003418 0
1730604267115 4.46754789352417 0
1730604267170 3.98553466796875 0
1730604267226 4.138341903686523 0
1730604267280 4.059299468994141 0
1730604267335 4.577296257019043 0
1730604267389 4.133388042449951 0
1730604267443 4.126208305358887 0
1730604267496 4.098855972290039 0
1730604267549 4.677745342254639 0
1730604267603 4.36394739151001 0
1730604267657 4.274346828460693 0
1730604267711 4.063277244567871 0
1730604267765 4.368812084197998 0
1730604267820 4.172890663146973 0
1730604267875 4.254087448120117 0
1730604267929 3.93597674369812 0
1730604267982 4.644440174102783 0
1730604268042 4.8275146484375 0
1730604268095 4.200046062469482 0
1730604268151 4.030194282531738 0
1730604268206 4.343329429626465 0
1730604268260 4.337162494659424 0
1730604268315 4.599554061889648 0
1730604268526 4.238970756530762 0
1730604268580 4.405041694641113 0
1730604268712 4.315611362457275 0
1730604268766 4.5455002784729 0
1730604268822 4.392489910125732 0
1730604268888 4.045176982879639 0
1730604268944 4.130226135253906 0
1730604268997 4.793288707733154 0
1730604269053 4.7186994552612305 0
1730604269107 3.9583115577697754 0
1730604269162 4.624227046966553 0
1730604269220 4.19559907913208 0
1730604269277 4.415837287902832 0
1730604269334 4.027820587158203 0
1730604269391 4.090858459472656 0
1730604269445 3.910688877105713 0
1730604269499 4.671949863433838 0
1730604269553 4.336560249328613 0
1730604269607 4.778391361236572 0
1730604269661 4.117058753967285 0
1730604269715 4.764138221740723 0
1730604269769 4.5208845138549805 0
1730604269823 3.9944889545440674 0
1730604269878 4.716270923614502 0
1730604269933 3.9649949073791504 0
1730604269989 4.516423225402832 0
1730604270044 4.597443580627441 0
1730604270098 4.906862258911133 0
1730604270154 4.117312908172607 0
1730604270209 4.269966125488281 0
1730604270262 4.093249320983887 0
1730604270316 3.9195685386657715 0
1730604270371 3.94220232963562 0
1730604270425 4.467526435852051 0
1730604270479 4.364802360534668 0
1730604270534 3.831660032272339 0
1730604270589 4.141863822937012 0
1730604270643 3.956477642059326 0
1730604270698 4.121817111968994 0
1730604270752 4.1246442794799805 0
1730604270807 4.611947059631348 0
1730604270861 4.602660179138184 0
1730604270916 4.651506423950195 0
1730604270970 4.01236629486084 0
1730604271024 4.614955902099609 0
1730604271114 3.698498487472534 0
1730604271168 4.176462650299072 0
1730604271223 3.9247312545776367 0
1730604271277 4.357430934906006 0
1730604271332 4.026059627532959 0
1730604271386 4.0487446784973145 0
1730604271442 3.8895699977874756 0
1730604271496 4.3021135330200195 0
1730604271554 4.106980323791504 0
1730604271610 3.8008980751037598 0
1730604271669 4.2705583572387695 0
1730604271724 4.218719959259033 0
1730604271778 4.11736536026001 0
1730604271832 3.673737049102783 0
1730604271887 4.775010108947754 0
1730604271941 3.775177478790283 0
1730604271995 4.664186954498291 0
1730604272050 4.456783771514893 0
1730604272104 3.9526937007904053 0
1730604272158 3.884890556335449 0
1730604272211 3.974774122238159 0
1730604272265 4.250713348388672 0
1730604272318 4.537400245666504 0
1730604272372 4.5880513191223145 0
1730604272427 4.3032612800598145 0
1730604272480 4.088064193725586 0
1730604272534 4.155603408813477 0
1730604272587 4.2785539627075195 0
1730604272642 3.8581979274749756 0
1730604272696 3.9206655025482178 0
1730604272750 4.073178291320801 0
1730604272804 4.065619468688965 0
1730604272858 4.462944984436035 0
1730604272911 4.462754249572754 0
1730604272965 4.332777500152588 0
1730604273019 4.275174617767334 0
1730604273073 4.0693769454956055 0
1730604273127 4.3934760093688965 0
1730604273180 4.067910194396973 0
1730604273234 3.7171154022216797 0
1730604273288 4.393190383911133 0
1730604273342 4.183475494384766 0
1730604273395 3.9490504264831543 0
1730604273449 4.469974040985107 0
1730604273502 4.637465000152588 0
1730604273555 3.8465945720672607 0
1730604273609 4.225791931152344 0
1730604273662 4.230966091156006 0
1730604273715 4.3455071449279785 0
1730604273769 4.262519836425781 0
1730604273824 4.707889556884766 0
1730604273879 4.253613471984863 0
1730604273936 4.222805500030518 0
1730604273992 4.239356994628906 0
1730604274049 4.334792613983154 0
1730604274107 4.671915054321289 0
1730604274161 3.812816619873047 0
1730604274215 4.616400718688965 0
1730604274269 4.607745170593262 0
1730604274323 4.031176567077637 0
1730604274377 4.17982292175293 0
1730604274430 4.264952182769775 0
1730604274484 4.864753723144531 0
1730604274538 4.031642436981201 0
1730604274593 4.148605823516846 0
1730604274647 3.957987070083618 0
1730604274700 4.310995101928711 0
1730604274753 4.327859401702881 0
1730604274806 4.281919956207275 0
1730604274860 4.314208984375 0
1730604274913 4.035186767578125 0
1730604274967 4.257097244262695 0
1730604275021 4.502063751220703 0
1730604275076 3.9960877895355225 0
1730604275129 4.194684028625488 0
1730604275183 4.4250288009643555 0
1730604275238 4.135411262512207 0
1730604275293 4.1629638671875 0
1730604275505 4.40355920791626 0
1730604275560 4.29857063293457 0
1730604275614 4.4561028480529785 0
1730604275669 4.55798864364624 0
1730604275724 3.9837396144866943 0
1730604275777 4.21968412399292 0
1730604275831 4.011703968048096 0
1730604275885 3.708066463470459 0
1730604275940 4.113480567932129 0
1730604275993 4.208018779754639 0
1730604276046 4.700894355773926 0
1730604276099 4.078627109527588 0
1730604276153 4.605224132537842 0
1730604276211 4.313108921051025 0
1730604276269 4.233550548553467 0
1730604276327 4.87289571762085 0
1730604276387 3.9465689659118652 0
1730604276441 3.9508442878723145 0
1730604276494 4.205957889556885 0
1730604276547 3.931061029434204 0
1730604276601 4.385354042053223 0
1730604276656 4.566401481628418 0
1730604276710 4.11682653427124 0
1730604276765 4.151416301727295 0
1730604276820 4.3007588386535645 0
1730604276883 4.273348331451416 0
1730604276940 4.599089622497559 0
1730604276995 4.381280899047852 0
1730604277051 4.081812381744385 0
1730604277106 4.1602044105529785 0
1730604277159 4.131347179412842 0
1730604277213 4.337050914764404 0
1730604277268 3.913483142852783 0
1730604277323 3.6899428367614746 0
1730604277377 4.4790425300598145 0
1730604277430 4.5648112297058105 0
1730604277483 4.22681999206543 0
1730604277538 4.2978925704956055 0
1730604277594 3.957677125930786 0
1730604277649 4.283272743225098 0
1730604277702 4.1584696769714355 0
1730604277756 4.023481845855713 0
1730604277810 4.264204978942871 0
1730604277863 4.045062065124512 0
1730604277917 4.1335835456848145 0
1730604277971 4.231405735015869 0
1730604278025 4.455076694488525 0
1730604278081 4.493417739868164 0
1730604278133 3.866323709487915 0
1730604278187 4.015808582305908 0
1730604278240 4.107086181640625 0
1730604278295 4.107527732849121 0
1730604278349 4.473858833312988 0
1730604278403 4.355756759643555 0
1730604278466 4.061158180236816 0
1730604278525 3.9096198081970215 0
1730604278582 4.521125316619873 0
1730604278638 4.540232181549072 0
1730604278694 4.196574687957764 0
1730604278748 4.8072686195373535 0
1730604278803 4.068327903747559 0
1730604278858 4.245787143707275 0
1730604278912 4.219575881958008 0
1730604278966 4.806338310241699 0
1730604279021 4.289147853851318 0
1730604279077 3.943425416946411 0
1730604279131 4.255083084106445 0
1730604279185 4.194620609283447 0
1730604279239 4.070046901702881 0
1730604279293 4.219143867492676 0
1730604279346 4.18250036239624 0
1730604279400 3.6843934059143066 0
1730604279453 4.163671493530273 0
1730604279507 4.437328815460205 0
1730604279561 3.9951300621032715 0
1730604279615 4.322898864746094 0
1730604279669 4.184672832489014 0
1730604279723 3.822493314743042 0
1730604279777 4.510431289672852 0
1730604279831 3.661795139312744 0
1730604279884 3.6549277305603027 0
1730604279938 4.3962297439575195 0
1730604279992 4.397903919219971 0
1730604280046 4.11831521987915 0
1730604280100 3.8893401622772217 0
1730604280154 4.306411266326904 0
1730604280208 3.9536964893341064 0
1730604280261 3.9779932498931885 0
1730604280315 4.357207775115967 0
1730604280369 4.142697811126709 0
1730604280424 4.9349846839904785 0
1730604280477 4.425893783569336 0
1730604280531 4.346811294555664 0
1730604280588 4.311082363128662 0
1730604280643 4.2099103927612305 0
1730604280865 4.198578357696533 0
1730604280919 4.0808563232421875 0
1730604280980 3.8544390201568604 0
1730604281034 3.968594551086426 0
1730604281089 4.3068928718566895 0
1730604281143 3.7957897186279297 0
1730604281197 4.4554877281188965 0
1730604281251 4.188748359680176 0
1730604281305 4.202758312225342 0
1730604281358 4.076474189758301 0
1730604281412 4.071838855743408 0
1730604281467 3.8470990657806396 0
1730604281523 4.864458084106445 0
1730604281577 4.050359725952148 0
1730604281630 3.5754058361053467 0
1730604281684 4.167110443115234 0
1730604281738 4.267906188964844 0
1730604281799 3.5633487701416016 0
1730604281852 4.275576591491699 0
1730604281905 4.385260581970215 0
1730604281960 4.324481964111328 0
1730604282015 4.644875526428223 0
1730604282094 3.8111119270324707 0
1730604282152 4.821930885314941 0
1730604282206 4.127025604248047 0
1730604282260 4.333853244781494 0
1730604282315 4.7960028648376465 0
1730604282369 4.560401916503906 0
1730604282424 4.7909746170043945 0
1730604282478 4.200613975524902 0
1730604282532 4.503101348876953 0
1730604282586 4.302131652832031 0
1730604282640 3.9409942626953125 0
1730604282694 3.9350359439849854 0
1730604282747 4.13631010055542 0
1730604282800 4.220303535461426 0
1730604282854 4.498859405517578 0
1730604282908 4.469788551330566 0
1730604282973 3.8872947692871094 0
1730604283031 4.2109785079956055 0
1730604283092 3.9493861198425293 0
1730604283148 4.264690399169922 0
1730604283202 3.9752869606018066 0
1730604283262 4.224048614501953 0
1730604283315 4.216177940368652 0
1730604283368 4.057790756225586 0
1730604283422 4.348381519317627 0
1730604283475 4.299681663513184 0
1730604283529 4.130251884460449 0
1730604283584 4.472418308258057 0
1730604283638 4.033674716949463 0
1730604283692 4.082156181335449 0
1730604283744 4.260990619659424 0
1730604283797 4.1015753746032715 0
1730604283850 4.274329662322998 0
1730604283904 4.6014180183410645 0
1730604283957 4.579130172729492 0
1730604284011 4.417269229888916 0
1730604284075 4.283563613891602 0
1730604284132 4.865577697753906 0
1730604284194 4.494091510772705 0
1730604284248 4.837499141693115 0
1730604284307 3.788666248321533 0
1730604284364 4.157703876495361 0
1730604284424 3.812516927719116 0
1730604284481 3.878499984741211 0
1730604284708 4.439517498016357 0
1730604284770 4.4116997718811035 0
1730604284829 4.169231414794922 0
1730604284888 4.218696594238281 0
1730604285216 4.12449836730957 0
1730604285357 4.388249397277832 0
1730604285508 4.453989505767822 0
1730604285747 4.372744083404541 0
1730604285938 4.0909104347229 0
1730604286136 4.39732027053833 0
1730604286433 4.332605361938477 0
1730604286510 4.510671615600586 0
1730604286569 4.2985053062438965 0
1730604286628 3.9316346645355225 0
1730604286698 4.692072868347168 0
1730604286757 4.062966823577881 0
1730604286811 4.772965431213379 0
1730604286865 4.401334762573242 0
1730604286919 4.221791744232178 0
1730604286973 4.8092360496521 0
1730604287029 4.255514144897461 0
1730604287093 4.235158920288086 0
1730604287149 3.7543880939483643 0
1730604287205 4.71405029296875 0
1730604287260 4.067692756652832 0
1730604287313 4.530280113220215 0
1730604287367 4.202354431152344 0
1730604287421 4.101507186889648 0
1730604287475 4.268957614898682 0
1730604287528 4.224372386932373 0
1730604287583 4.343574047088623 0
1730604287637 3.7245845794677734 0
1730604287692 4.115479469299316 0
1730604287753 4.7321062088012695 0
1730604287809 4.284258842468262 0
1730604287867 3.5973336696624756 0
1730604287921 4.195234298706055 0
1730604287976 4.178690433502197 0
1730604288032 4.062918663024902 0
1730604288087 4.255056858062744 0
1730604288140 4.24320650100708 0
1730604288194 3.8095457553863525 0
1730604288248 4.354811191558838 0
1730604288302 4.048131465911865 0
1730604288356 4.139061450958252 0
1730604288613 4.183958530426025 0
1730604288667 4.188790798187256 0
1730604288721 4.343043327331543 0
1730604288775 3.6753053665161133 0
1730604288828 4.132850170135498 0
1730604288884 4.16595458984375 0
1730604288938 4.444571018218994 0
1730604288993 4.093474864959717 0
1730604289048 4.111180305480957 0
1730604289259 4.182436943054199 0
1730604289311 4.090099334716797 0
1730604289365 3.5797171592712402 0
1730604289418 3.642137050628662 0
1730604289471 4.264402866363525 0
1730604289525 3.6281943321228027 0
1730604289578 3.564673900604248 0
1730604289632 4.173437118530273 0
1730604289686 4.393862724304199 0
1730604289740 4.46295166015625 0
1730604289794 4.455010890960693 0
1730604289847 4.6668620109558105 0
1730604289901 3.8867008686065674 0
1730604289958 4.600053787231445 0
1730604290015 4.793401718139648 0
1730604290080 3.939532518386841 0
1730604290138 4.754374980926514 0
1730604290192 4.2064337730407715 0
1730604290245 4.4186224937438965 0
1730604290298 4.618737697601318 0
1730604290352 4.296011447906494 0
1730604290406 4.182931423187256 0
1730604290459 4.738141059875488 0
1730604290512 3.965460777282715 0
1730604290566 4.280606269836426 0
1730604290620 4.301414489746094 0
1730604290675 3.905806064605713 0
1730604290728 4.097764015197754 0
1730604290781 4.404989242553711 0
1730604290834 4.506137371063232 0
1730604290888 4.061004161834717 0
1730604290942 3.515133857727051 0
1730604290994 4.253170967102051 0
1730604291048 4.031625747680664 0
1730604291102 4.258006572723389 0
1730604291156 4.4087958335876465 0
1730604291209 4.506528854370117 0
1730604291263 4.085753440856934 0
1730604291319 4.305055141448975 0
1730604291373 4.0836405754089355 0
1730604291427 4.135045528411865 0
1730604291481 4.209507465362549 0
1730604291536 4.190921306610107 0
1730604291590 4.24789571762085 0
1730604291644 4.16294527053833 0
1730604291698 3.8667941093444824 0
1730604291752 4.323122501373291 0
1730604291806 4.232872486114502 0
1730604291860 4.252469062805176 0
1730604291915 4.335843086242676 0
1730604291969 4.845826625823975 0
1730604292023 3.5746281147003174 0
1730604292081 4.1793084144592285 0
1730604292136 4.352621078491211 0
1730604292192 3.859816551208496 0
1730604292258 4.103804111480713 0
1730604292315 4.080942153930664 0
1730604292451 4.15317440032959 0
1730604292507 4.224217414855957 0
1730604292562 4.254811763763428 0
1730604292626 4.260537624359131 0
1730604292681 4.170558452606201 0
1730604292737 4.6318559646606445 0
1730604292792 4.097276210784912 0
1730604292846 4.002051830291748 0
1730604292910 4.241828441619873 0
1730604293011 3.8618133068084717 0
1730604293144 4.085022449493408 0
1730604293211 4.081192970275879 0
1730604293284 3.989663600921631 0
1730604293343 4.214210510253906 0
1730604293396 4.209219455718994 0
1730604293450 3.974034547805786 0
1730604293504 4.412783622741699 0
1730604293557 4.391140460968018 0
1730604293611 4.208955764770508 0
1730604293664 3.8267009258270264 0
1730604293718 4.492199897766113 0
1730604293772 4.915535926818848 0
1730604293827 4.90476131439209 0
1730604293880 4.330294609069824 0
1730604293944 4.362423419952393 0
1730604294031 4.071679592132568 0
1730604294153 4.3111114501953125 0
1730604294223 3.5424139499664307 0
1730604294279 4.339951515197754 0
1730604294333 4.127516746520996 0
1730604294389 4.475726127624512 0
1730604294447 4.311925411224365 0
1730604294506 4.108513355255127 0
1730604294564 4.2434468269348145 0
1730604294624 3.8934879302978516 0
1730604294679 4.212751388549805 0
1730604294734 4.232754707336426 0
1730604294789 4.662530422210693 0
1730604294856 4.643576622009277 0
1730604294911 4.308215618133545 0
1730604294965 4.083547592163086 0
1730604295020 4.090678691864014 0
1730604295076 4.197075843811035 0
1730604295130 3.8451383113861084 0
1730604295183 4.199063777923584 0
1730604295237 4.43152379989624 0
1730604295291 4.0524773597717285 0
1730604295344 3.9908289909362793 0
1730604295398 4.2549543380737305 0
1730604295453 4.261186599731445 0
1730604295520 4.047921180725098 0
1730604295573 4.203864574432373 0
1730604295629 4.364692211151123 0
1730604295683 4.082776069641113 0
1730604295738 4.164926528930664 0
1730604295792 4.198782920837402 0
1730604295847 3.9587416648864746 0
1730604295902 3.537592649459839 0
1730604295957 4.581840991973877 0
1730604296011 4.787808895111084 0
1730604296066 3.850457191467285 0
1730604296119 4.010861873626709 0
1730604296174 4.594862461090088 0
1730604296227 4.315598964691162 0
1730604296281 4.106166839599609 0
1730604296336 4.782423496246338 0
1730604296391 4.147236347198486 0
1730604296446 3.5157289505004883 0
1730604296501 3.8259246349334717 0
1730604296555 3.970658779144287 0
1730604296609 4.237174034118652 0
1730604296665 3.8158669471740723 0
1730604296723 4.8291449546813965 0
1730604296779 4.16338586807251 0
1730604296839 4.517104148864746 0
1730604296894 3.927882671356201 0
1730604296947 4.132718086242676 0
1730604297003 4.2740020751953125 0
1730604297061 4.445061683654785 0
1730604297116 4.76348876953125 0
1730604297171 4.438297748565674 0
1730604297226 4.976326942443848 0
1730604297280 4.7687835693359375 0
1730604297333 3.480492353439331 0
1730604297387 4.579847812652588 0
1730604297441 4.264601230621338 0
1730604297495 3.9407007694244385 0
1730604297703 4.103896141052246 0
1730604297757 4.037086486816406 0
1730604297810 4.222105979919434 0
1730604297864 4.70578145980835 0
1730604297918 4.362739086151123 0
1730604297973 4.113008975982666 0
1730604298027 4.155592918395996 0
1730604298081 4.257096290588379 0
1730604298134 4.179506301879883 0
1730604298188 4.538021087646484 0
1730604298242 3.919079303741455 0
1730604298296 4.218182563781738 0
1730604298350 4.183681964874268 0
1730604298404 4.293625354766846 0
1730604298457 4.176605701446533 0
1730604298511 4.8760881423950195 0
1730604298566 4.201852798461914 0
1730604298619 4.362874984741211 0
1730604298673 4.264991283416748 0
1730604298727 4.509829998016357 0
1730604298780 4.178398609161377 0
1730604298833 3.8184292316436768 0
1730604298889 4.441702842712402 0
1730604298945 4.63046932220459 0
1730604299004 4.615103721618652 0
1730604299083 4.151603698730469 0
1730604299140 4.641097545623779 0
1730604299194 4.47770881652832 0
1730604299247 4.113323211669922 0
1730604299301 4.1378350257873535 0
1730604299355 4.111007213592529 0
1730604299409 4.140103816986084 0
1730604299462 4.072775363922119 0
1730604299517 4.109941482543945 0
1730604299573 4.215892791748047 0
1730604299627 4.420159816741943 0
1730604299680 4.396556854248047 0
1730604299733 4.110512733459473 0
1730604299787 4.30358362197876 0
1730604299840 4.747409343719482 0
1730604299893 4.3076887130737305 0
1730604299947 4.265922546386719 0
1730604300000 4.112398624420166 0
1730604300056 4.779614448547363 0
1730604300110 4.103889465332031 0
1730604300164 4.10703182220459 0
1730604300217 4.109586238861084 0
1730604300272 4.185122013092041 0
1730604300326 4.775055885314941 0
1730604300379 4.497567653656006 0
1730604300433 4.266476631164551 0
1730604300487 4.026215076446533 0
1730604300541 3.9060235023498535 0
1730604300594 4.742627143859863 0
1730604300648 4.263528347015381 0
1730604300702 4.224233150482178 0
1730604300757 4.455883026123047 0
1730604300810 3.513871908187866 0
1730604300865 4.266851425170898 0
1730604300920 4.214243412017822 0
1730604300974 4.701929092407227 0
1730604301027 4.060540199279785 0
1730604301082 4.692599296569824 0
1730604301137 4.394454479217529 0
1730604301194 3.496063232421875 0
1730604301252 4.278078079223633 0
1730604301308 4.881998538970947 0
1730604301369 4.161248207092285 0
1730604301423 4.023518085479736 0
1730604301477 4.579317092895508 0
1730604301531 4.313216209411621 0
1730604301585 4.490384578704834 0
1730604301640 4.039653301239014 0
1730604301694 4.152263164520264 0
1730604301748 4.192751884460449 0
1730604301802 3.7878973484039307 0
1730604301856 4.086690902709961 0
1730604301910 4.600234031677246 0
1730604301964 3.950270652770996 0
1730604302017 4.364444732666016 0
1730604302072 4.665807723999023 0
1730604302127 4.524945259094238 0
1730604302182 4.446122169494629 0
1730604302237 4.225395202636719 0
1730604302291 4.624238967895508 0
1730604302344 4.117372035980225 0
1730604302398 4.4837493896484375 0
1730604302452 3.8860788345336914 0
1730604302506 4.0456929206848145 0
1730604302559 3.9979586601257324 0
1730604302613 4.0888671875 0
1730604302666 4.82792329788208 0
1730604302720 4.160621643066406 0
1730604302775 4.146368026733398 0
1730604302828 4.2307000160217285 0
1730604302882 4.262142658233643 0
1730604302936 4.603250026702881 0
1730604302991 4.393490314483643 0
1730604303046 4.518847465515137 0
1730604303099 4.376770973205566 0
1730604303153 4.221712589263916 0
1730604303206 4.772546291351318 0
1730604303260 3.8677871227264404 0
1730604303314 4.187603950500488 0
1730604303370 3.4821364879608154 0
1730604303425 4.238299369812012 0
1730604303483 3.920466661453247 0
1730604303542 4.115262031555176 0
1730604303598 4.126367568969727 0
1730604303653 4.5384416580200195 0
1730604303707 4.312945365905762 0
1730604303764 4.136439323425293 0
1730604303820 4.228337287902832 0
1730604303874 4.326484203338623 0
1730604303930 3.9791994094848633 0
1730604303983 4.1096673011779785 0
1730604304043 4.629132270812988 0
1730604304101 3.834852695465088 0
1730604304156 4.68273401260376 0
1730604304210 3.9561545848846436 0
1730604304263 4.21836519241333 0
1730604304317 4.054259300231934 0
1730604304371 4.455666542053223 0
1730604304424 4.559050559997559 0
1730604304477 3.466315746307373 0
1730604304531 4.176445960998535 0
1730604304586 4.519829273223877 0
1730604304641 4.264695167541504 0
1730604304695 3.9901790618896484 0
1730604304750 4.875114917755127 0
1730604304803 4.097569942474365 0
1730604304857 4.7372941970825195 0
1730604304910 4.015187740325928 0
1730604304963 4.179515361785889 0
1730604305015 4.052696228027344 0
1730604305069 4.7577805519104 0
1730604305124 4.19681978225708 0
1730604305177 4.239090442657471 0
1730604305230 4.615194797515869 0
1730604305284 4.3440752029418945 0
1730604305338 4.1170783042907715 0
1730604305396 4.173091888427734 0
1730604305460 4.194052696228027 0
1730604305516 4.6028923988342285 0
1730604305571 4.3387370109558105 0
1730604305625 3.9882140159606934 0
1730604305680 3.9821670055389404 0
1730604305740 4.169422626495361 0
1730604305803 3.8881583213806152 0
1730604305862 4.522167205810547 0
1730604305915 3.833299160003662 0
1730604305971 4.19811487197876 0
1730604306027 4.056157112121582 0
1730604306090 3.9207959175109863 0
1730604306145 4.01161003112793 0
1730604306201 4.289877891540527 0
1730604306256 4.487939357757568 0
1730604306311 4.084726333618164 0
1730604306365 4.47011661529541 0
1730604306421 4.165729522705078 0
1730604306476 4.128043174743652 0
1730604306529 3.8563475608825684 0
1730604306582 4.093227863311768 0
1730604306638 4.666014671325684 0
1730604306692 4.14631462097168 0
1730604306745 4.187485694885254 0
1730604306799 4.077503681182861 0
1730604306853 4.14804744720459 0
1730604306907 3.9305551052093506 0
1730604306961 4.459711074829102 0
1730604307014 4.7619242668151855 0
1730604307069 3.486185312271118 0
1730604307123 4.370431900024414 0
1730604307176 4.452306270599365 0
1730604307229 4.285755634307861 0
1730604307283 4.11003303527832 0
1730604307337 4.164122104644775 0
1730604307391 4.429474830627441 0
1730604307444 3.9813404083251953 0
1730604307497 4.4351959228515625 0
1730604307551 4.59648323059082 0
1730604307605 4.490183353424072 0
1730604307659 4.175271987915039 0
1730604307711 4.123228073120117 0
1730604307764 4.379724502563477 0
1730604307819 4.474633693695068 0
1730604307873 4.697607517242432 0
1730604307928 4.082229137420654 0
1730604307986 4.231324672698975 0
1730604308043 4.052576065063477 0
1730604308100 4.492252349853516 0
1730604308155 4.439586639404297 0
1730604308208 3.828808069229126 0
1730604308263 4.192608833312988 0
1730604308317 4.443556785583496 0
1730604308371 4.3911614418029785 0
1730604308425 4.4231743812561035 0
1730604308478 4.577211380004883 0
1730604308531 4.351153373718262 0
1730604308585 4.036643981933594 0
1730604308638 4.517168045043945 0
1730604308692 3.483093738555908 0
1730604308746 4.153585433959961 0
1730604308800 3.981968641281128 0
1730604308854 4.372546195983887 0
1730604308909 4.2325592041015625 0
1730604308961 4.324087619781494 0
1730604309014 3.9627041816711426 0
1730604309068 3.916621446609497 0
1730604309124 4.3346052169799805 0
1730604309177 3.7971348762512207 0
1730604309231 4.591850757598877 0
1730604309285 4.011434555053711 0
1730604309339 4.111460208892822 0
1730604309393 4.284969329833984 0
1730604309446 4.082883834838867 0
1730604309501 4.087517738342285 0
1730604309554 4.462809085845947 0
1730604309608 4.060754776000977 0
1730604309660 4.6964921951293945 0
1730604309714 4.150193214416504 0
1730604309770 4.053864479064941 0
1730604309825 4.858729362487793 0
1730604309880 3.4686830043792725 0
1730604309935 4.001008987426758 0
1730604309990 4.264827728271484 0
1730604310046 3.457338809967041 0
1730604310100 4.266808986663818 0
1730604310154 4.102723121643066 0
1730604310213 4.208780288696289 0
1730604310274 4.204042911529541 0
1730604310337 4.082474708557129 0
1730604310392 4.352193832397461 0
1730604310445 4.351442337036133 0
1730604310499 4.591338634490967 0
1730604310555 4.1781840324401855 0
1730604310611 4.065066337585449 0
1730604310665 4.342617988586426 0
1730604310720 4.591098785400391 0
1730604310776 4.455625057220459 0
1730604310829 3.8966550827026367 0
1730604310882 3.4052016735076904 0
1730604310936 4.123612403869629 0
1730604310989 4.755207061767578 0
1730604311043 4.672557830810547 0
1730604311098 4.223791599273682 0
1730604311154 4.540274620056152 0
1730604311210 4.085518836975098 0
1730604311265 3.987654209136963 0
1730604311318 4.626311302185059 0
1730604311373 4.339137077331543 0
1730604311456 4.177443981170654 0
1730604311547 4.219266891479492 0
1730604311629 4.420565605163574 0
1730604311696 4.212813377380371 0
1730604311750 3.99082088470459 0
1730604311822 4.479679107666016 0
1730604311902 4.024794578552246 0
1730604311983 4.289116382598877 0
1730604312063 4.605260848999023 0
1730604312124 4.1680402755737305 0
1730604312202 3.861086845397949 0
1730604312292 4.1780548095703125 0
1730604312359 4.339623928070068 0
1730604312414 4.252255916595459 0
1730604312509 3.3793816566467285 0
1730604312630 4.554340362548828 0
1730604312712 4.140414237976074 0
1730604312784 4.128652572631836 0
1730604312868 4.07991361618042 0
1730604312949 4.788490295410156 0
1730604313017 4.486879348754883 0
1730604313081 4.769191265106201 0
1730604313135 4.210046768188477 0
1730604313189 3.9945547580718994 0
1730604313244 4.448070049285889 0
1730604313299 4.048681735992432 0
1730604313357 4.66895866394043 0
1730604313415 4.477023124694824 0
1730604313487 4.960460662841797 0
1730604313574 3.826671838760376 0
1730604313647 3.9898476600646973 0
1730604313704 4.052004814147949 0
1730604313760 3.9818928241729736 0
1730604313815 4.189952850341797 0
1730604313870 3.9703779220581055 0
1730604313941 4.42476224899292 0
1730604314025 4.561471939086914 0
1730604314103 4.906036376953125 0
1730604314180 4.61352014541626 0
1730604314236 3.3692221641540527 0
1730604314290 4.343380928039551 0
1730604314351 4.221228122711182 0
1730604314438 4.150515079498291 0
1730604314519 4.336193561553955 0
1730604314595 3.9718830585479736 0
1730604314650 4.4105224609375 0
1730604314704 4.528823375701904 0
1730604314758 4.1241135597229 0
1730604314811 4.616594314575195 0
1730604314865 4.540057182312012 0
1730604314925 4.430146217346191 0
1730604314983 3.941375494003296 0
1730604315050 4.228202819824219 0
1730604315116 4.870784282684326 0
1730604315172 4.534263610839844 0
1730604315304 4.495309829711914 0
1730604315360 4.317965507507324 0
1730604315416 4.42083740234375 0
1730604315484 4.367166519165039 0
1730604315565 4.647852897644043 0
1730604315645 4.495235919952393 0
1730604315701 4.344597816467285 0
1730604315757 4.720593452453613 0
1730604315838 4.377334117889404 0
1730604315916 4.820783615112305 0
1730604315990 4.689671039581299 0
1730604316047 4.439755439758301 0
1730604316112 4.2892022132873535 0
1730604316194 3.9530482292175293 0
1730604316277 4.179815292358398 0
1730604316336 4.328533172607422 0
1730604316392 4.372852325439453 0
1730604316472 4.265738487243652 0
1730604316561 4.363702774047852 0
1730604316641 4.2196245193481445 0
1730604316698 4.25014591217041 0
1730604316763 4.726617336273193 0
1730604316842 4.410966396331787 0
1730604317123 4.303126811981201 0
1730604317208 4.453667163848877 0
1730604317316 4.619329929351807 0
1730604317385 3.912160634994507 0
1730604317444 3.388705015182495 0
1730604317518 4.244170665740967 0
1730604317595 4.296300888061523 0
1730604317681 4.672120094299316 0
1730604317746 3.377060651779175 0
1730604317802 4.364056587219238 0
1730604317857 4.426042079925537 0
1730604317910 4.44814395904541 0
1730604317963 4.099037170410156 0
1730604318018 4.649305820465088 0
1730604318074 4.102781772613525 0
1730604318127 4.17241907119751 0
1730604318182 4.180180549621582 0
1730604318238 4.383484363555908 0
1730604318293 4.122304439544678 0
1730604318347 4.396000862121582 0
1730604318403 4.073803901672363 0
1730604318457 4.046642303466797 0
1730604318511 4.054419994354248 0
1730604318566 4.203479290008545 0
1730604318620 4.160160064697266 0
1730604318694 4.793844223022461 0
1730604318774 4.454704761505127 0
1730604318845 4.5625224113464355 0
1730604318902 4.096897125244141 0
1730604318959 4.0838823318481445 0
1730604319035 4.146352767944336 0
1730604319120 4.152867794036865 0
1730604319183 3.926238775253296 0
1730604319239 4.161891937255859 0
1730604319293 4.5206756591796875 0
1730604319362 4.332716941833496 0
1730604319449 4.459685325622559 0
1730604319529 4.244385719299316 0
1730604319590 4.341471195220947 0
1730604319646 4.046195983886719 0
1730604319702 3.998076915740967 0
1730604319759 4.481470108032227 0
1730604319815 4.572727680206299 0
1730604319875 4.243948459625244 0
1730604319929 4.26362943649292 0
1730604320164 4.206794738769531 0
1730604320226 3.9715051651000977 0
1730604320280 3.3616833686828613 0
1730604320334 4.280627727508545 0
1730604320389 3.8912203311920166 0
1730604320445 4.342832088470459 0
1730604320507 4.114142417907715 0
1730604320588 4.3878912925720215 0
1730604320678 4.260037422180176 0
1730604320741 4.583956241607666 0
1730604320801 4.718288898468018 0
1730604320884 4.400176048278809 0
1730604320963 4.130088806152344 0
1730604321020 4.154647350311279 0
1730604321081 4.641477584838867 0
1730604321155 4.3966474533081055 0
1730604321237 4.529776573181152 0
1730604321295 4.513917446136475 0
1730604321349 3.924360513687134 0
1730604321428 4.661269187927246 0
1730604321506 4.344864845275879 0
1730604321566 3.902039051055908 0
1730604321620 4.4132585525512695 0
1730604321692 3.3513991832733154 0
1730604321771 3.3473093509674072 0
1730604321842 4.287849426269531 0
1730604321896 4.209774494171143 0
1730604321958 4.200168609619141 0
1730604322051 4.605667591094971 0
1730604322149 4.401783466339111 0
1730604322209 4.6282639503479 0
1730604322269 4.045234203338623 0
1730604322347 4.576517105102539 0
1730604322428 4.789188385009766 0
1730604322492 4.020431041717529 0
1730604322546 4.2030534744262695 0
1730604322628 4.363784313201904 0
1730604322708 4.699276447296143 0
1730604322775 4.24369478225708 0
1730604322831 4.744919776916504 0
1730604322898 4.377957820892334 0
1730604322973 4.3459649085998535 0
1730604323062 4.1212592124938965 0
1730604323122 4.124931335449219 0
1730604323204 4.094008922576904 0
1730604323286 4.3001556396484375 0
1730604323352 4.09954833984375 0
1730604323409 3.2938895225524902 0
1730604323477 4.152177810668945 0
1730604323555 4.334426403045654 0
1730604323628 4.071200370788574 0
1730604323693 4.061882019042969 0
1730604324345 4.364833831787109 0
1730604324405 4.127148628234863 0
1730604324466 4.258525848388672 0
1730604324528 4.466350078582764 0
1730604324593 4.357295989990234 0
1730604324671 4.56436824798584 0
1730604324727 4.2949700355529785 0
1730604324788 4.544272422790527 0
1730604324852 4.080698490142822 0
1730604324908 4.461341381072998 0
1730604324963 4.38524055480957 0
1730604325020 4.625423431396484 0
1730604325084 4.262795448303223 0
1730604325141 4.593254089355469 0
1730604325197 4.515639781951904 0
1730604325257 4.18873405456543 0
1730604325313 4.16854190826416 0
1730604325379 4.567350387573242 0
1730604325438 4.352778911590576 0
1730604325494 4.2658257484436035 0
1730604325551 3.993858814239502 0
1730604325607 4.564777851104736 0
1730604325664 4.49509859085083 0
1730604325722 4.54170560836792 0
1730604325780 4.131619453430176 0
1730604325835 4.168707847595215 0
1730604325893 4.600794792175293 0
1730604325948 4.324987888336182 0
1730604326004 4.314049243927002 0
1730604326092 4.576772212982178 0
1730604326155 4.323864936828613 0
1730604326209 4.034407138824463 0
1730604326264 4.13582706451416 0
1730604326321 4.327994346618652 0
1730604326375 4.383388042449951 0
1730604326431 4.185986518859863 0
1730604326486 4.13710880279541 0
1730604326541 4.0314717292785645 0
1730604326595 4.283322334289551 0
1730604326650 4.352486610412598 0
1730604326707 4.220089435577393 0
1730604326768 4.129087924957275 0
1730604326824 4.03702974319458 0
1730604326884 4.303972244262695 0
1730604326939 4.2341227531433105 0
1730604326994 4.4082183837890625 0
1730604327050 4.367062091827393 0
1730604327105 4.032163619995117 0
1730604327160 4.496732234954834 0
1730604327215 4.205554962158203 0
1730604327269 4.452277183532715 0
1730604327324 4.425226211547852 0
1730604327377 3.3421473503112793 0
1730604327431 4.021276950836182 0
1730604327485 4.241901874542236 0
1730604327540 4.0689849853515625 0
1730604327595 4.322432518005371 0
1730604327650 3.3298397064208984 0
1730604327705 4.134920597076416 0
1730604327760 4.486509323120117 0
1730604327815 4.577916145324707 0
1730604327871 4.377527236938477 0
1730604327927 3.997750997543335 0
1730604327982 4.319170951843262 0
1730604328036 4.536999702453613 0
1730604328091 4.394888877868652 0
1730604328145 4.442047595977783 0
1730604328200 4.550771713256836 0
1730604328254 4.32415246963501 0
1730604328310 4.2184038162231445 0
1730604328366 4.528337001800537 0
1730604328421 4.2797441482543945 0
1730604328476 4.029002666473389 0
1730604328531 4.3989715576171875 0
1730604328587 4.094834327697754 0
1730604328642 4.144984245300293 0
1730604328697 4.434343338012695 0
1730604328752 4.360177040100098 0
1730604328808 4.324352264404297 0
1730604328863 4.486926078796387 0
1730604328919 4.236861705780029 0
1730604328977 4.2256245613098145 0
1730604329039 4.285470008850098 0
1730604329098 4.087943077087402 0
1730604329155 4.3589019775390625 0
1730604329210 3.9923791885375977 0
1730604329266 4.155025482177734 0
1730604329321 4.215487957000732 0
1730604329378 4.142589092254639 0
1730604329433 4.389019012451172 0
1730604329490 4.297523498535156 0
1730604329545 4.515496253967285 0
1730604329619 4.243418216705322 0
1730604329679 4.505258560180664 0
1730604329748 4.1212944984436035 0
1730604329818 4.021597385406494 0
1730604329887 3.9550352096557617 0
1730604329956 4.180178165435791 0
1730604330021 4.174777030944824 0
1730604330099 4.375003814697266 0
1730604330173 4.004023551940918 0
1730604330240 4.563353538513184 0
1730604330299 3.9927358627319336 0
1730604330360 4.159460067749023 0
1730604330418 4.082930564880371 0
1730604330476 4.489874839782715 0
1730604330532 4.405740737915039 0
1730604330588 4.23295783996582 0
1730604330644 4.241317272186279 0
1730604330704 4.449039936065674 0
1730604330760 3.9295454025268555 0
1730604330815 4.200948715209961 0
1730604330871 4.045661926269531 0
1730604330928 4.717726707458496 0
1730604330984 4.555070400238037 0
1730604331043 4.069126605987549 0
1730604331101 4.396090984344482 0
1730604331155 4.435530662536621 0
1730604331219 4.3959736824035645 0
1730604331279 4.356583595275879 0
1730604331343 4.33890962600708 0
1730604331403 4.366339206695557 0
1730604331474 4.179022789001465 0
1730604331568 4.3049821853637695 0
1730604331685 4.464166164398193 0
