1730604914826 4.360470294952393 0
1730604915783 4.184326648712158 0
1730604915998 4.167476654052734 0
1730604916215 4.348722457885742 0
1730604916430 4.3737030029296875 0
1730604916637 3.9382822513580322 0
1730604916697 4.164173126220703 0
1730604916759 4.3655595779418945 0
1730604916965 4.161802291870117 0
1730604917173 4.180204391479492 0
1730604917381 3.8634958267211914 0
1730604917442 4.1356730461120605 0
1730604917648 4.205511093139648 0
1730604917856 4.377686977386475 0
1730604918065 4.453986644744873 0
1730604918273 4.044766902923584 0
1730604918484 4.209399223327637 0
1730604918551 4.57506799697876 0
1730604918618 4.324355602264404 0
1730604918678 4.093857288360596 0
1730604918738 4.205241680145264 0
1730604918949 4.53239107131958 0
1730604919160 4.039365768432617 0
1730604919368 4.366548538208008 0
1730604919430 3.9437754154205322 0
1730604919494 4.087372779846191 0
1730604919556 4.59172248840332 0
1730604919616 4.672296524047852 0
1730604919825 4.418877124786377 0
1730604919886 4.365426063537598 0
1730604920114 4.325625896453857 0
1730604920175 4.414464950561523 0
1730604920239 3.8544301986694336 0
1730604920300 3.954524517059326 0
1730604920508 4.27210807800293 0
1730604920570 4.466062545776367 0
1730604920786 4.322157382965088 0
1730604920853 4.500788688659668 0
1730604920916 4.01759672164917 0
1730604920976 4.441490173339844 0
1730604921037 4.525385856628418 0
1730604921245 4.54693078994751 0
1730604921307 4.108196258544922 0
1730604921370 4.401166915893555 0
1730604921429 4.616971492767334 0
1730604921490 3.927783250808716 0
1730604921550 4.039175033569336 0
1730604921610 4.475582122802734 0
1730604921819 3.7572412490844727 0
1730604921880 4.01715087890625 0
1730604921940 4.0104079246521 0
1730604922000 5.048632621765137 0
1730604922061 4.56925106048584 0
1730604922272 3.6738288402557373 0
1730604922332 4.517556667327881 0
1730604922541 4.660422325134277 0
1730604922601 4.2096991539001465 0
1730604922661 4.58690071105957 0
1730604922871 4.421963214874268 0
1730604922933 3.634052038192749 0
1730604923002 3.689647674560547 0
1730604923067 3.9234440326690674 0
1730604923133 3.8822598457336426 0
1730604923196 4.4952592849731445 0
1730604923257 4.613285064697266 0
1730604923473 3.8592331409454346 0
1730604923533 4.257944583892822 0
1730604923596 3.5948078632354736 0
1730604923656 4.486858367919922 0
1730604923716 4.450579643249512 0
1730604923776 4.6336989402771 0
1730604923836 4.700547218322754 0
1730604923898 4.441436767578125 0
1730604923959 4.702163219451904 0
1730604924019 4.947808265686035 0
1730604924321 4.416292190551758 0
1730604924388 4.292952537536621 0
1730604924450 3.858206033706665 0
1730604924512 4.300457954406738 0
1730604924575 4.419682502746582 0
1730604924641 4.342581272125244 0
1730604924705 4.336266994476318 0
1730604924771 3.959554433822632 0
1730604924832 4.918744087219238 0
1730604924897 3.8948283195495605 0
1730604924969 4.505216598510742 0
1730604925189 4.430441856384277 0
1730604925274 3.8138539791107178 0
1730604925346 3.871562957763672 0
1730604925414 4.863199234008789 0
1730604925627 4.317761421203613 0
1730604925840 4.3915252685546875 0
1730604925900 4.102923393249512 0
1730604925962 3.8329598903656006 0
1730604926024 3.84883451461792 0
1730604926091 3.6042251586914062 0
1730604926163 4.732844352722168 0
1730604926225 4.376981735229492 0
1730604926286 4.506553649902344 0
1730604926506 4.671685218811035 0
1730604926722 4.538786888122559 0
1730604926786 3.7519421577453613 0
1730604926849 3.7604525089263916 0
1730604926910 4.239780902862549 0
1730604926969 4.247802734375 0
1730604927029 4.0609893798828125 0
1730604927238 4.658231735229492 0
1730604927450 4.0830535888671875 0
1730604927514 4.779112815856934 0
1730604927577 4.32339334487915 0
1730604927644 4.939290523529053 0
1730604927704 3.730257987976074 0
1730604927764 4.248950004577637 0
1730604927825 3.6199893951416016 0
1730604927888 3.8999433517456055 0
1730604927952 4.7041521072387695 0
1730604928012 4.473000526428223 0
1730604928072 3.829547882080078 0
1730604928132 5.040922164916992 0
1730604928194 4.82766056060791 0
1730604928260 4.82088041305542 0
1730604928321 4.41447114944458 0
1730604928381 4.531657695770264 0
1730604928441 3.8640847206115723 0
1730604928501 4.572612762451172 0
1730604928562 4.131560802459717 0
1730604928633 3.7424936294555664 0
1730604928694 4.117505073547363 0
1730604928755 4.226983547210693 0
1730604928816 4.814366817474365 0
1730604928876 4.307634353637695 0
1730604928936 3.822082757949829 0
1730604928996 3.9471206665039062 0
1730604929059 4.190598011016846 0
1730604929120 3.7122273445129395 0
1730604929180 3.677401304244995 0
1730604929241 4.636805534362793 0
1730604929300 4.465121269226074 0
1730604929361 4.484711170196533 0
1730604929421 4.579059600830078 0
1730604929480 4.1601667404174805 0
1730604929695 5.028860569000244 0
1730604929760 4.004630088806152 0
1730604929824 4.731282711029053 0
1730604929887 3.680630922317505 0
1730604929947 4.286261081695557 0
1730604930009 5.662905216217041 0
1730604930070 4.273569583892822 0
1730604930130 4.375770092010498 0
1730604930191 4.683478355407715 0
1730604930252 4.1929755210876465 0
1730604930312 4.427970886230469 0
1730604930374 3.6439836025238037 0
1730604930434 4.429089546203613 0
1730604930495 3.795104503631592 0
1730604930555 4.212212085723877 0
1730604930614 4.039767265319824 0
1730604930675 4.106272220611572 0
1730604930736 3.6105763912200928 0
1730604930796 3.589249610900879 0
1730604930858 4.563292980194092 0
1730604930923 3.6434199810028076 0
1730604930984 4.308929920196533 0
1730604931053 4.705243110656738 0
1730604931229 5.071450710296631 0
1730604931308 4.532471179962158 0
1730604931625 4.0673394203186035 0
1730604931697 4.251843452453613 0
1730604931761 4.5059614181518555 0
1730604931821 4.19781494140625 0
1730604931882 4.62113094329834 0
1730604931946 4.240169048309326 0
1730604932011 4.26558780670166 0
1730604932079 4.139891147613525 0
1730604932143 4.516627311706543 0
1730604932206 4.016651630401611 0
1730604932267 5.126642227172852 0
1730604932329 4.5756378173828125 0
1730604932391 4.4492597579956055 0
1730604932453 5.519972324371338 0
1730604932512 3.9203543663024902 0
1730604932574 5.340710639953613 0
1730604932634 3.991713523864746 0
1730604932694 4.445683002471924 0
1730604932757 4.094146728515625 0
1730604932817 3.5492775440216064 0
1730604932877 4.632021903991699 0
1730604932937 4.923969745635986 0
1730604932998 3.644155979156494 0
1730604933060 5.267682075500488 0
1730604933120 3.569524049758911 0
1730604933180 3.9554603099823 0
1730604933242 4.053963661193848 0
1730604933302 4.4273200035095215 0
1730604933514 3.7845261096954346 0
1730604933585 3.983944892883301 0
1730604933666 4.193846225738525 0
1730604933732 5.351649284362793 0
1730604933947 4.323288917541504 0
1730604934009 3.6762173175811768 0
1730604934070 4.203874111175537 0
1730604934130 4.282294273376465 0
1730604934192 4.170068264007568 0
1730604934262 3.5229930877685547 0
1730604934325 4.65414571762085 0
1730604934387 4.206815719604492 0
1730604934447 4.367255687713623 0
1730604934508 4.10853385925293 0
1730604934568 5.153351306915283 0
1730604934629 4.651736259460449 0
1730604934690 4.049788951873779 0
1730604934751 4.123932838439941 0
1730604934811 3.765512228012085 0
1730604934872 4.481075286865234 0
1730604934932 3.799504518508911 0
1730604934994 4.4974846839904785 0
1730604935055 5.79819393157959 0
1730604935116 4.301843643188477 0
1730604935178 5.338063716888428 0
1730604935239 5.760453224182129 0
1730604935300 4.972302436828613 0
1730604935361 4.275510311126709 0
1730604935420 3.986199378967285 0
1730604935480 5.078104496002197 0
1730604935541 3.9917185306549072 0
1730604935601 5.058358192443848 0
1730604935661 5.26018762588501 0
1730604935722 4.388908863067627 0
1730604935783 5.041359901428223 0
1730604935845 4.111355781555176 0
1730604936062 4.908490180969238 0
1730604936123 5.543651103973389 0
1730604936184 4.438693046569824 0
1730604936245 4.720174789428711 0
1730604936460 4.31422758102417 0
1730604936528 4.464740753173828 0
1730604936596 4.975042819976807 0
1730604936658 4.223785400390625 0
1730604936718 5.155640125274658 0
1730604936778 3.919905424118042 0
1730604936839 3.97745680809021 0
1730604936898 3.898085594177246 0
1730604937113 4.891992568969727 0
1730604937173 4.280571460723877 0
1730604937233 4.413328170776367 0
1730604937293 4.382222652435303 0
1730604937354 4.81755256652832 0
1730604937414 4.905370712280273 0
1730604937475 4.060713768005371 0
1730604937535 3.520446538925171 0
1730604937595 4.5839691162109375 0
1730604937656 4.402203559875488 0
1730604937869 3.6877641677856445 0
1730604937929 3.6917052268981934 0
1730604937989 4.164668083190918 0
1730604938084 4.429022789001465 0
1730604938176 4.426586151123047 0
1730604938246 4.341240882873535 0
1730604938502 4.235698223114014 0
1730604938568 4.3814849853515625 0
1730604938628 4.199994087219238 0
1730604938691 5.443061828613281 0
1730604938754 4.328505516052246 0
1730604938821 4.182648658752441 0
1730604938883 4.002870082855225 0
1730604938946 3.6603281497955322 0
1730604939009 4.094681262969971 0
1730604939086 4.593437671661377 0
1730604939152 3.50038743019104 0
1730604939214 3.6411614418029785 0
1730604939276 3.978208303451538 0
1730604939339 3.9858174324035645 0
1730604939402 4.267367839813232 0
1730604939462 4.364274024963379 0
1730604939522 4.330766677856445 0
1730604939581 4.309453010559082 0
1730604939643 3.479053020477295 0
1730604939705 4.80561637878418 0
1730604939769 5.248600959777832 0
1730604939832 4.495409965515137 0
1730604939896 4.147101402282715 0
1730604939959 4.201725006103516 0
1730604940022 3.6564712524414062 0
1730604940083 3.9423296451568604 0
1730604940144 3.582850694656372 0
1730604940208 5.19209098815918 0
1730604940270 4.875212669372559 0
1730604940332 3.6783297061920166 0
1730604940394 4.960565090179443 0
1730604940455 3.631880760192871 0
1730604940518 4.747671127319336 0
1730604940737 4.3442301750183105 0
1730604940797 4.119663715362549 0
1730604940860 4.116156578063965 0
1730604940924 3.9712984561920166 0
1730604940991 4.297442436218262 0
1730604941059 3.8114538192749023 0
1730604941129 3.8460798263549805 0
1730604941192 3.905393362045288 0
1730604941260 4.128331184387207 0
1730604941327 3.831295967102051 0
1730604941391 4.047531604766846 0
1730604941452 4.540020942687988 0
1730604941514 4.22200870513916 0
1730604941578 4.080209255218506 0
1730604941641 4.626591205596924 0
1730604941703 5.3583784103393555 0
1730604941764 4.276779651641846 0
1730604941826 4.014166831970215 0
1730604941886 4.265218734741211 0
1730604941947 5.083189487457275 0
1730604942009 5.324001312255859 0
1730604942086 4.314614295959473 0
1730604942160 3.4610416889190674 0
1730604942223 4.498978137969971 0
1730604942292 3.9781312942504883 0
1730604942357 5.592840194702148 0
1730604942420 3.957057476043701 0
1730604942487 4.835546016693115 0
1730604942567 4.548755168914795 0
1730604942629 4.27470588684082 0
1730604942695 5.2454118728637695 0
1730604942769 5.002320289611816 0
1730604942869 4.075170993804932 0
1730604942940 4.94798469543457 0
1730604943003 3.92179274559021 0
1730604943095 4.074810028076172 0
1730604943471 4.691985130310059 0
1730604943614 3.676187038421631 0
1730604943878 4.053913593292236 0
1730604944083 3.760197639465332 0
1730604944179 4.874850273132324 0
1730604944259 4.634239196777344 0
1730604944322 4.094061851501465 0
1730604944389 4.0882415771484375 0
1730604944500 4.17992639541626 0
1730604944599 4.288417816162109 0
1730604944702 4.152703762054443 0
1730604944785 4.905010223388672 0
1730604944872 4.047431468963623 0
1730604944954 4.504139423370361 0
1730604945032 5.1508402824401855 0
1730604945117 4.307877540588379 0
1730604945197 4.000866413116455 0
1730604945280 4.258631706237793 0
1730604945374 3.4561727046966553 0
1730604945444 4.466320514678955 0
1730604945505 3.8552348613739014 0
1730604945565 4.261685371398926 0
1730604945625 4.197417259216309 0
1730604945685 4.004957675933838 0
1730604945746 4.009651184082031 0
1730604945816 3.9553167819976807 0
1730604945892 4.048308849334717 0
1730604945973 3.8492493629455566 0
1730604946065 4.685701847076416 0
1730604946135 4.185768127441406 0
1730604946195 4.113795280456543 0
1730604946256 4.440518379211426 0
1730604946316 4.135332107543945 0
1730604946378 4.823896408081055 0
1730604946437 3.8128585815429688 0
1730604946497 4.79575777053833 0
1730604946563 4.800499439239502 0
1730604946635 4.008679389953613 0
1730604946714 4.542552947998047 0
1730604946796 4.046460151672363 0
1730604946878 4.299376487731934 0
1730604946944 5.463599681854248 0
1730604947005 4.343973159790039 0
1730604947065 4.636236667633057 0
1730604947126 3.9526076316833496 0
1730604947186 4.73961067199707 0
1730604947246 3.4482343196868896 0
1730604947308 4.78622579574585 0
1730604947369 3.766008138656616 0
1730604947429 4.2955546379089355 0
1730604947489 4.772716999053955 0
1730604947549 4.375975608825684 0
1730604947610 4.893490791320801 0
1730604947670 4.002040386199951 0
1730604947730 4.285191059112549 0
1730604947795 4.236654281616211 0
1730604947856 4.818075180053711 0
1730604947916 4.182494163513184 0
1730604947977 3.992206573486328 0
1730604948037 4.5989789962768555 0
1730604948098 3.947575092315674 0
1730604948159 3.9707136154174805 0
1730604948229 4.26524019241333 0
1730604948295 5.504424095153809 0
1730604948367 4.152587890625 0
1730604948430 4.677473068237305 0
1730604948560 3.880805492401123 0
1730604948622 3.9544711112976074 0
1730604948685 4.229726314544678 0
1730604948756 3.937246799468994 0
1730604948816 4.169036865234375 0
1730604948878 4.0788798332214355 0
1730604948938 3.9975757598876953 0
1730604949001 4.210869789123535 0
1730604949063 4.205315589904785 0
1730604949131 4.7227277755737305 0
1730604949194 4.529314994812012 0
1730604949257 3.9898152351379395 0
1730604949318 3.984684944152832 0
1730604949381 4.552194595336914 0
1730604949441 3.739590644836426 0
1730604949504 4.547611713409424 0
1730604949565 3.91036057472229 0
1730604949627 4.581958770751953 0
1730604949687 4.248184680938721 0
1730604949749 4.235196590423584 0
1730604949810 4.139812469482422 0
1730604949870 4.704065322875977 0
1730604949931 3.6968624591827393 0
1730604950147 4.107486724853516 0
1730604950208 4.129884719848633 0
1730604950268 4.497078895568848 0
1730604950328 4.013194561004639 0
1730604950389 4.501006126403809 0
1730604950455 4.123424053192139 0
1730604950528 3.958374261856079 0
1730604950592 3.8835015296936035 0
1730604950656 4.472838878631592 0
1730604950716 4.643748760223389 0
1730604950777 3.8309683799743652 0
1730604950839 3.976567029953003 0
1730604950901 4.094813346862793 0
1730604950962 4.662846088409424 0
1730604951023 4.842076778411865 0
1730604951085 3.865194082260132 0
1730604951146 4.639894485473633 0
1730604951208 3.9181113243103027 0
1730604951269 4.526656627655029 0
1730604951329 3.8458662033081055 0
1730604951391 4.417487144470215 0
1730604951451 4.544569969177246 0
1730604951512 4.3464460372924805 0
1730604951572 4.080758571624756 0
1730604951633 3.876492738723755 0
1730604951694 4.207031726837158 0
1730604951754 3.995115041732788 0
1730604951814 3.942984104156494 0
1730604951877 4.586803913116455 0
1730604951939 4.744266986846924 0
1730604952002 4.3247270584106445 0
1730604952100 3.8599698543548584 0
1730604952179 4.642670631408691 0
1730604952252 4.27647066116333 0
1730604952325 5.423886299133301 0
1730604952391 4.354737758636475 0
1730604952451 4.257212162017822 0
1730604952511 3.796600103378296 0
1730604952571 3.973656177520752 0
1730604952631 4.784940242767334 0
1730604952693 4.075122356414795 0
1730604952765 3.8597447872161865 0
1730604952830 3.952662706375122 0
1730604952893 3.86417293548584 0
1730604952954 5.100960731506348 0
1730604953014 4.09191370010376 0
1730604953092 4.779574871063232 0
1730604953154 4.443037509918213 0
1730604953214 4.364667892456055 0
1730604953276 4.211731910705566 0
1730604953338 3.5407168865203857 0
1730604953399 4.432490825653076 0
1730604953460 4.058451175689697 0
1730604953677 4.49423360824585 0
1730604953739 4.643383026123047 0
1730604953800 4.037832736968994 0
1730604953861 4.165417671203613 0
1730604953921 4.543108940124512 0
1730604953981 4.680571556091309 0
1730604954044 4.473058700561523 0
1730604954103 4.5681867599487305 0
1730604954165 4.184970855712891 0
1730604954225 4.300265312194824 0
1730604954285 4.5576252937316895 0
1730604954347 4.71730899810791 0
1730604954409 4.527368545532227 0
1730604954471 4.636966228485107 0
1730604954532 4.02493953704834 0
1730604954593 4.589833736419678 0
1730604954655 4.682307243347168 0
1730604954716 4.0064377784729 0
1730604954778 3.8017139434814453 0
1730604954841 5.1470489501953125 0
1730604954904 4.575174331665039 0
1730604954969 4.223600387573242 0
1730604955039 3.7840237617492676 0
1730604955106 3.7786850929260254 0
1730604955168 4.319929599761963 0
1730604955390 3.954387664794922 0
1730604955452 3.9855263233184814 0
1730604955514 3.841675281524658 0
1730604955577 4.29878568649292 0
1730604955639 4.621138572692871 0
1730604955865 4.236295700073242 0
1730604955925 4.628093719482422 0
1730604955987 4.263625144958496 0
1730604956057 5.39384126663208 0
1730604956121 4.21273136138916 0
1730604956188 4.131761074066162 0
1730604956250 4.583231449127197 0
1730604956312 3.806914806365967 0
1730604956375 4.376108169555664 0
1730604956489 4.704479694366455 0
1730604956557 4.0816755294799805 0
1730604956620 3.935039758682251 0
1730604956681 3.8789803981781006 0
1730604956741 4.262206077575684 0
1730604956804 3.7728006839752197 0
1730604956866 4.3805389404296875 0
1730604956929 4.664638519287109 0
1730604956992 5.347282886505127 0
1730604957055 3.5633957386016846 0
1730604957116 5.330752372741699 0
1730604957179 3.9983582496643066 0
1730604957243 4.172145366668701 0
1730604957307 3.944286346435547 0
1730604957376 4.5226593017578125 0
1730604957438 4.549045562744141 0
1730604957498 4.0843505859375 0
1730604957561 4.219574928283691 0
1730604957623 4.292928218841553 0
1730604957684 4.499515056610107 0
1730604957746 3.9470839500427246 0
1730604957809 4.273509979248047 0
1730604957872 4.48503303527832 0
1730604957935 4.184054851531982 0
1730604957998 3.7553067207336426 0
1730604958062 3.8984432220458984 0
1730604958123 3.9194893836975098 0
1730604958185 4.071107864379883 0
1730604958254 4.160790920257568 0
1730604958316 4.520089626312256 0
1730604958379 3.8161466121673584 0
1730604958441 4.050962448120117 0
1730604958503 4.5014328956604 0
1730604958566 4.521222114562988 0
1730604958628 4.130858898162842 0
1730604958691 4.124349117279053 0
1730604958753 3.551384925842285 0
1730604958814 4.165993690490723 0
1730604958876 3.903635025024414 0
1730604958937 4.348330020904541 0
1730604958998 5.054144859313965 0
1730604959089 4.328670024871826 0
1730604959162 5.07115364074707 0
1730604959227 5.194911956787109 0
1730604959287 4.124857425689697 0
1730604959352 3.9783401489257812 0
1730604959412 4.062481880187988 0
1730604959476 5.184656143188477 0
1730604959543 4.119390487670898 0
1730604959609 4.7549896240234375 0
1730604959669 4.745059490203857 0
1730604959734 4.452142715454102 0
1730604959795 3.853247880935669 0
1730604959855 4.5780158042907715 0
1730604959914 5.295331954956055 0
1730604959974 4.435471534729004 0
1730604960036 4.558782577514648 0
1730604960095 4.640864372253418 0
1730604960155 4.547762870788574 0
1730604960214 4.127738952636719 0
1730604960274 4.443865776062012 0
1730604960336 4.109403610229492 0
1730604960431 4.5941033363342285 0
1730604960518 3.9422860145568848 0
1730604960617 3.7966878414154053 0
1730604960679 3.929978847503662 0
1730604960743 3.538515567779541 0
1730604960805 3.9791600704193115 0
1730604960868 4.5874481201171875 0
1730604960930 5.121763229370117 0
1730604960993 3.9418909549713135 0
1730604961054 5.206737995147705 0
1730604961114 3.904285430908203 0
1730604961331 4.378652572631836 0
1730604961395 4.406544208526611 0
1730604961457 5.167613506317139 0
1730604961519 4.079340934753418 0
1730604961581 4.691102504730225 0
1730604961643 3.9112954139709473 0
1730604961709 3.762700319290161 0
1730604961778 3.766289472579956 0
1730604961849 4.514259338378906 0
1730604961912 4.535702705383301 0
1730604961974 4.645740985870361 0
1730604962035 4.069089889526367 0
1730604962097 5.065624237060547 0
1730604962159 4.634970188140869 0
1730604962220 4.319872856140137 0
1730604962281 4.243563175201416 0
1730604962343 4.580628871917725 0
1730604962404 4.2893829345703125 0
1730604962463 4.508236885070801 0
1730604962524 4.3139495849609375 0
1730604962586 4.213469505310059 0
1730604962648 4.284472465515137 0
1730604962710 4.275850772857666 0
1730604962777 3.8408961296081543 0
1730604962861 4.153879642486572 0
1730604962955 4.263681888580322 0
1730604963040 4.3416337966918945 0
1730604963131 4.9968156814575195 0
1730604963201 4.222285747528076 0
1730604963265 4.506217956542969 0
1730604963327 4.628217697143555 0
1730604963389 4.296083450317383 0
1730604963451 4.036283493041992 0
1730604963513 4.104360103607178 0
1730604963574 4.584681510925293 0
1730604963638 4.591835975646973 0
1730604963698 3.8839590549468994 0
1730604963759 4.609334468841553 0
1730604963822 4.7887091636657715 0
1730604963883 3.552093267440796 0
1730604963950 4.586714744567871 0
1730604964020 3.9978063106536865 0
1730604964143 4.1095404624938965 0
1730604964224 4.2777910232543945 0
1730604964301 4.099238395690918 0
1730604964387 3.5343992710113525 0
1730604964467 4.43785285949707 0
1730604964531 4.44987678527832 0
1730604964593 4.243499279022217 0
1730604964655 4.038270473480225 0
1730604964717 4.549369812011719 0
1730604964779 3.938359498977661 0
1730604964842 4.395927429199219 0
1730604964902 3.863100051879883 0
1730604964963 4.194588661193848 0
1730604965025 3.9900450706481934 0
1730604965088 3.7734997272491455 0
1730604965149 4.730689525604248 0
1730604965212 4.1533050537109375 0
1730604965274 3.9072437286376953 0
1730604965334 4.0235514640808105 0
1730604965394 4.487844467163086 0
1730604965456 4.135685920715332 0
1730604965518 4.125106334686279 0
1730604965580 4.178515434265137 0
1730604965643 4.211216926574707 0
1730604965704 4.183706760406494 0
1730604965765 4.159675121307373 0
1730604965828 4.924152374267578 0
1730604965889 3.494319200515747 0
1730604965950 3.7790489196777344 0
1730604966012 4.112761974334717 0
1730604966092 3.864931106567383 0
1730604966153 4.536520004272461 0
1730604966214 3.477250576019287 0
1730604966276 4.443322658538818 0
1730604966337 4.435304164886475 0
1730604966399 4.1500959396362305 0
1730604966466 3.7456846237182617 0
1730604966532 4.374457359313965 0
1730604966600 4.455151081085205 0
1730604966664 4.374590873718262 0
1730604966726 3.974113941192627 0
1730604966789 4.451099872589111 0
1730604966851 3.957904815673828 0
1730604966911 4.415031909942627 0
1730604966972 4.429374694824219 0
1730604967033 4.092052459716797 0
1730604967095 4.322262763977051 0
1730604967159 4.136919975280762 0
1730604967221 4.480009078979492 0
1730604967284 4.072025775909424 0
1730604967346 3.8314318656921387 0
1730604967409 4.129672527313232 0
1730604967471 4.4827680587768555 0
1730604967535 4.296625137329102 0
1730604967599 4.405704021453857 0
1730604967691 3.940701484680176 0
1730604967781 4.055796146392822 0
1730604967865 4.519166946411133 0
1730604967949 4.445065021514893 0
1730604968034 4.10661506652832 0
1730604968171 4.972474098205566 0
1730604968275 4.834728240966797 0
1730604968354 4.550742149353027 0
1730604968427 3.443279266357422 0
1730604968494 4.615881443023682 0
1730604968573 4.493045806884766 0
1730604968639 3.4325456619262695 0
1730604968781 4.241964817047119 0
1730604968927 4.48048734664917 0
1730604969010 5.082981109619141 0
1730604969081 4.316686630249023 0
1730604969157 4.203556060791016 0
1730604969265 4.396618843078613 0
1730604969384 3.7939391136169434 0
1730604969512 4.063292980194092 0
1730604969586 4.133907318115234 0
1730604969655 4.547590255737305 0
1730604969731 5.039983749389648 0
1730604969799 4.549841403961182 0
1730604969870 4.250108242034912 0
1730604969938 4.514207363128662 0
1730604970049 4.683935165405273 0
1730604970167 4.055212497711182 0
1730604970276 4.099643707275391 0
1730604970392 4.357342720031738 0
1730604970462 4.393148422241211 0
1730604970535 4.257725715637207 0
1730604970611 4.3798651695251465 0
1730604970679 4.4669060707092285 0
1730604970745 4.638324737548828 0
1730604970810 3.384894371032715 0
1730604970877 4.074833393096924 0
1730604970944 4.416908264160156 0
1730604971015 4.24857234954834 0
1730604971086 4.33219575881958 0
1730604971159 4.007471561431885 0
1730604971238 4.01193904876709 0
1730604971323 4.107687950134277 0
1730604971407 4.668163299560547 0
1730604971470 4.500854015350342 0
1730604971531 4.176784038543701 0
1730604971593 5.168696880340576 0
1730604971653 3.931903839111328 0
1730604971713 4.01660680770874 0
1730604971779 3.7672767639160156 0
1730604971845 4.604301452636719 0
1730604971910 4.1482672691345215 0
1730604971970 4.549233913421631 0
1730604972032 5.110466957092285 0
1730604972093 4.279674530029297 0
1730604972154 4.41314697265625 0
1730604972214 4.363990306854248 0
1730604972273 4.030236721038818 0
1730604972333 4.204029560089111 0
1730604972395 4.170351505279541 0
1730604972456 4.1732330322265625 0
1730604972517 4.231239318847656 0
1730604972578 4.757062911987305 0
1730604972638 4.387752532958984 0
1730604972699 4.14995002746582 0
1730604972759 4.2691497802734375 0
1730604972819 4.501767158508301 0
1730604972879 4.683951377868652 0
1730604972939 4.063323974609375 0
1730604972998 4.113858222961426 0
1730604973076 4.291372299194336 0
1730604973135 4.4787373542785645 0
1730604973195 4.105471611022949 0
1730604973255 4.360790252685547 0
1730604973314 4.581370830535889 0
1730604973374 4.4657511711120605 0
1730604973435 4.567119121551514 0
1730604973501 4.6205668449401855 0
1730604973569 4.140736103057861 0
1730604973633 3.825540781021118 0
1730604973692 4.468929290771484 0
1730604973752 4.534621238708496 0
1730604973812 3.977776288986206 0
1730604973925 4.087856292724609 0
1730604974018 3.911173105239868 0
1730604974085 4.504210472106934 0
1730604974148 4.104938983917236 0
1730604974215 4.211779594421387 0
1730604974282 4.23499870300293 0
1730604974347 4.458527088165283 0
1730604974413 3.7601170539855957 0
1730604974474 4.066397666931152 0
1730604974535 4.09214973449707 0
1730604974595 4.1670122146606445 0
1730604974656 4.431863307952881 0
1730604974746 4.189579486846924 0
1730604974832 4.416715621948242 0
1730604974916 4.514150619506836 0
1730604974985 4.235153675079346 0
1730604975069 4.067386627197266 0
1730604975148 3.9948031902313232 0
1730604975259 4.004374980926514 0
1730604975384 4.042342185974121 0
1730604975487 4.34653902053833 0
1730604975598 4.029454231262207 0
1730604975946 4.455751419067383 0
1730604976093 3.450336217880249 0
1730604976185 4.503557205200195 0
1730604976331 4.127930164337158 0
1730604976401 3.978048801422119 0
1730604976478 4.051695823669434 0
1730604976555 4.258772373199463 0
1730604976623 4.090694427490234 0
1730604976690 3.434288501739502 0
1730604976758 4.156965255737305 0
1730604976826 4.254982948303223 0
1730604976896 4.991418838500977 0
1730604976968 4.027616500854492 0
1730604977040 4.446302890777588 0
1730604977109 4.235062599182129 0
1730604977179 4.415982723236084 0
1730604977251 3.89406156539917 0
1730604977319 4.470094680786133 0
1730604977387 4.300267219543457 0
1730604977455 4.14601469039917 0
1730604977524 4.060842990875244 0
1730604977593 4.404638290405273 0
1730604977662 4.065393924713135 0
1730604977730 4.431624889373779 0
1730604977820 3.3972795009613037 0
1730604977907 4.4013566970825195 0
1730604977982 4.036647796630859 0
1730604978090 4.439157485961914 0
1730604978182 3.8690526485443115 0
1730604978284 4.104239463806152 0
1730604978388 4.956035614013672 0
1730604978513 4.090500831604004 0
1730604978640 4.758589267730713 0
1730604978717 4.041141510009766 0
1730604978801 4.407987594604492 0
1730604978886 4.212428092956543 0
1730604978966 4.099053382873535 0
1730604979083 4.720095634460449 0
1730604979169 4.61414909362793 0
1730604979337 4.19199275970459 0
1730604979411 4.053405284881592 0
1730604979489 4.701531887054443 0
1730604979580 3.995943069458008 0
1730604979664 3.9390761852264404 0
1730604979770 4.5579938888549805 0
1730604979883 3.3738932609558105 0
1730604979966 3.8683080673217773 0
1730604980051 4.023198127746582 0
1730604980130 3.8240861892700195 0
1730604980368 4.36228609085083 0
1730604980432 4.149480819702148 0
1730604980495 3.983614444732666 0
1730604980578 4.917397975921631 0
1730604980660 4.373998641967773 0
1730604980765 4.146299362182617 0
1730604980877 4.266426086425781 0
1730604980951 4.682704448699951 0
1730604981189 4.0868330001831055 0
1730604981261 4.321366786956787 0
1730604981332 4.639163017272949 0
1730604981406 4.112060546875 0
1730604981536 3.3543593883514404 0
1730604981626 4.354506492614746 0
1730604981700 4.340597629547119 0
1730604981794 3.7830018997192383 0
1730604981931 4.362469673156738 0
1730604982042 4.17636775970459 0
1730604982146 3.822035312652588 0
1730604982256 3.9033658504486084 0
1730604982387 4.217940330505371 0
1730604982586 4.265233993530273 0
1730604982722 4.110781192779541 0
1730604982897 4.558663845062256 0
1730604982995 4.1794586181640625 0
1730604983121 4.627854824066162 0
1730604983241 3.3316478729248047 0
1730604983408 3.9170148372650146 0
1730604983505 4.002725601196289 0
1730604983620 4.660293102264404 0
1730604983704 3.848259687423706 0
1730604983778 4.592634677886963 0
1730604983854 4.357106685638428 0
1730604983924 4.423520088195801 0
1730604983995 4.571676254272461 0
1730604984180 4.048417568206787 0
1730604984301 4.0514445304870605 0
1730604984391 4.4543561935424805 0
1730604984462 4.033552169799805 0
1730604984527 4.5213093757629395 0
1730604984715 4.603030681610107 0
1730604984934 4.304282188415527 0
1730604985018 4.259890079498291 0
1730604985090 4.192280292510986 0
1730604985157 4.561857223510742 0
1730604985234 4.415223121643066 0
1730604985298 3.8227932453155518 0
1730604985363 5.622622489929199 0
1730604985430 4.805657386779785 0
1730604985517 4.953127861022949 0
1730604985596 4.556950569152832 0
1730604985661 4.9945173263549805 0
1730604985726 4.173485279083252 0
1730604985789 4.330655574798584 0
1730604985851 4.391682147979736 0
1730604985916 4.260705947875977 0
1730604985978 4.007161617279053 0
1730604986047 3.4409008026123047 0
1730604986111 4.2549357414245605 0
1730604986172 4.365359306335449 0
1730604986231 4.1381072998046875 0
1730604986291 4.225240230560303 0
1730604986350 4.194119453430176 0
1730604986411 3.8120040893554688 0
1730604986471 3.2170817852020264 0
1730604986531 4.862518787384033 0
1730604986592 4.530052661895752 0
1730604986651 4.619349479675293 0
1730604986712 4.7351393699646 0
1730604986773 4.639464855194092 0
1730604986837 4.463353157043457 0
1730604986899 4.618069648742676 0
1730604986962 4.285931587219238 0
1730604987025 4.169773101806641 0
1730604987089 4.197886943817139 0
1730604987151 4.462207794189453 0
1730604987217 4.349753379821777 0
1730604987287 4.343372344970703 0
1730604987356 4.465400695800781 0
1730604987420 4.162515640258789 0
1730604987481 4.087795734405518 0
1730604987545 5.004406929016113 0
1730604987608 4.384132385253906 0
1730604987672 4.186255931854248 0
1730604987734 4.083809852600098 0
1730604987797 4.288315773010254 0
1730604987862 4.536650657653809 0
1730604987924 4.156014919281006 0
1730604987986 4.2441606521606445 0
1730604988048 4.382348537445068 0
1730604988112 3.931368350982666 0
1730604988174 4.149407386779785 0
1730604988235 4.284564971923828 0
1730604988298 4.046454429626465 0
1730604988360 3.9815852642059326 0
1730604988420 4.149191379547119 0
1730604988480 4.151638507843018 0
1730604988539 4.571404933929443 0
1730604988600 4.260150909423828 0
1730604988661 4.3592848777771 0
1730604988721 5.039499282836914 0
1730604988783 4.340668678283691 0
1730604988845 3.960761308670044 0
1730604988908 4.1672515869140625 0
1730604988968 4.667947769165039 0
1730604989030 4.0787882804870605 0
1730604989093 4.410245895385742 0
1730604989154 3.3153789043426514 0
1730604989214 4.138709545135498 0
1730604989275 4.218348503112793 0
1730604989335 3.3069636821746826 0
1730604989397 4.42530632019043 0
1730604989461 4.2101593017578125 0
1730604989529 4.302664279937744 0
1730604989598 4.560224533081055 0
1730604989662 4.064990997314453 0
1730604989725 4.604556560516357 0
1730604989787 4.200689792633057 0
1730604989848 4.115738868713379 0
1730604989912 3.8986668586730957 0
1730604989975 3.2684059143066406 0
1730604990039 4.584193229675293 0
1730604990100 3.2569782733917236 0
1730604990163 4.221383571624756 0
1730604990224 4.301291465759277 0
1730604990284 4.505701541900635 0
1730604990344 4.022985458374023 0
1730604990404 4.372043132781982 0
1730604990464 4.365234375 0
1730604990525 4.298827648162842 0
1730604990586 4.522005081176758 0
1730604990646 4.822352409362793 0
1730604990707 3.9336156845092773 0
1730604990767 4.573179244995117 0
1730604990827 4.400672435760498 0
1730604990887 4.178000450134277 0
1730604990947 4.236649513244629 0
1730604991006 4.16172981262207 0
1730604991072 4.068531513214111 0
1730604991131 4.439192295074463 0
1730604991193 4.073437213897705 0
1730604991252 4.1306023597717285 0
1730604991312 4.519654273986816 0
1730604991371 4.042454719543457 0
1730604991440 4.162419319152832 0
1730604991501 3.942793846130371 0
1730604991563 4.04115104675293 0
1730604991625 4.240189552307129 0
1730604991689 4.112114906311035 0
1730604991757 4.06735372543335 0
1730604991822 4.1601104736328125 0
1730604991891 4.038290023803711 0
1730604991953 4.257095813751221 0
1730604992013 4.104778289794922 0
1730604992074 3.8812761306762695 0
1730604992135 4.546938419342041 0
1730604992195 4.537787437438965 0
1730604992256 4.443534851074219 0
1730604992318 4.677140235900879 0
1730604992380 4.5150957107543945 0
1730604992483 3.220930576324463 0
1730604992555 4.352897644042969 0
1730604992616 4.03929328918457 0
1730604992678 4.955341339111328 0
1730604992738 4.0050458908081055 0
1730604992800 4.5994367599487305 0
1730604992864 4.256528854370117 0
1730604992926 4.450430393218994 0
1730604992990 4.425168037414551 0
1730604993056 4.394898414611816 0
1730604993124 4.759008407592773 0
1730604993216 3.845587730407715 0
1730604993282 3.976195812225342 0
1730604993343 4.096251487731934 0
1730604993403 4.386203765869141 0
1730604993465 4.03148889541626 0
1730604993529 4.063133239746094 0
1730604993593 4.2086968421936035 0
1730604993656 4.096226692199707 0
1730604993720 4.463268756866455 0
1730604993784 4.385398864746094 0
1730604993847 4.391297340393066 0
1730604993911 4.134000778198242 0
1730604993978 4.8155622482299805 0
1730604994044 4.334438323974609 0
1730604994110 4.062347412109375 0
1730604994171 3.9918689727783203 0
1730604994233 4.214628219604492 0
1730604994297 3.9704270362854004 0
1730604994361 4.337897300720215 0
1730604994424 4.180116653442383 0
1730604994488 4.423829555511475 0
1730604994552 4.130524158477783 0
1730604994614 4.876313209533691 0
1730604994678 5.003616809844971 0
1730604994741 4.551623344421387 0
1730604994803 3.9502673149108887 0
1730604994867 4.753475189208984 0
1730604994930 4.168770790100098 0
1730604994992 4.692686080932617 0
1730604995055 4.088207244873047 0
1730604995117 4.142885684967041 0
1730604995179 3.2532472610473633 0
1730604995239 4.014829635620117 0
1730604995301 5.005447864532471 0
1730604995362 4.147219181060791 0
1730604995423 4.236024856567383 0
1730604995483 4.323765754699707 0
1730604995543 4.406899452209473 0
1730604995604 4.940089702606201 0
1730604995665 4.8018293380737305 0
1730604995726 4.385969161987305 0
1730604995787 4.084123611450195 0
1730604995847 4.218498706817627 0
1730604995910 4.322516441345215 0
1730604995972 4.075744152069092 0
1730604996035 4.415611267089844 0
1730604996097 4.171784400939941 0
1730604996160 4.233780860900879 0
1730604996229 4.486507892608643 0
1730604996296 4.046760082244873 0
1730604996363 4.557805061340332 0
1730604996426 4.414968013763428 0
1730604996489 4.387332439422607 0
1730604996552 4.377991676330566 0
1730604996614 4.310234069824219 0
1730604996674 4.534784317016602 0
1730604996734 4.489445209503174 0
1730604996797 4.046995639801025 0
1730604996860 3.849208354949951 0
1730604996922 4.150174617767334 0
1730604996982 4.0312113761901855 0
1730604997052 4.3658576011657715 0
1730604997114 4.628384113311768 0
1730604997174 3.9860944747924805 0
1730604997234 4.313747882843018 0
1730604997295 4.260890483856201 0
1730604997356 4.464592456817627 0
1730604997416 4.456075668334961 0
1730604997477 4.592394828796387 0
1730604997537 3.9616494178771973 0
1730604997603 4.539829254150391 0
1730604997685 4.26400089263916 0
1730604997771 4.857511520385742 0
1730604997851 4.198415756225586 0
1730604997915 4.607495307922363 0
1730604997976 4.206940650939941 0
1730604998039 4.590314865112305 0
1730604998131 4.2818121910095215 0
1730604998221 4.82048225402832 0
1730604998283 3.9766056537628174 0
1730604998346 4.798184394836426 0
1730604998407 4.053318023681641 0
1730604998472 4.933799743652344 0
1730604998539 4.0085859298706055 0
1730604998611 4.43234920501709 0
1730604998698 4.118054389953613 0
1730604998785 4.572411060333252 0
1730604998857 3.9864227771759033 0
1730604998919 4.109536170959473 0
1730604998996 4.143356800079346 0
1730604999072 4.504347801208496 0
1730604999142 5.243406295776367 0
1730604999202 4.407186985015869 0
1730604999262 4.483275413513184 0
1730604999322 4.063457012176514 0
1730604999382 4.197187900543213 0
1730604999443 4.288052558898926 0
1730604999507 4.158579349517822 0
1730604999584 4.125271797180176 0
1730604999665 4.276114463806152 0
1730604999746 4.146193981170654 0
1730604999816 4.2118353843688965 0
1730604999879 4.152890682220459 0
1730604999939 3.907622814178467 0
1730605000001 4.3068318367004395 0
1730605000063 3.967137336730957 0
1730605000124 4.1169939041137695 0
1730605000185 4.356607913970947 0
1730605000246 5.156583309173584 0
1730605000305 3.9332430362701416 0
1730605000366 3.946664333343506 0
1730605000427 4.023438453674316 0
1730605000488 4.491678237915039 0
1730605000548 4.110128402709961 0
1730605000609 4.512421131134033 0
1730605000671 4.282698154449463 0
1730605000733 4.377139091491699 0
1730605000797 4.073579788208008 0
1730605000863 4.161172866821289 0
1730605000923 4.448128700256348 0
1730605000983 4.235346794128418 0
1730605001044 4.081461429595947 0
1730605001104 4.132972717285156 0
1730605001167 4.093944549560547 0
1730605001229 4.8635945320129395 0
1730605001291 4.148990154266357 0
1730605001352 4.754057884216309 0
1730605001412 5.059976577758789 0
1730605001472 4.037220478057861 0
1730605001533 3.3874425888061523 0
1730605001594 4.403273582458496 0
1730605001654 3.883082866668701 0
1730605001714 4.342476844787598 0
1730605001775 4.053757190704346 0
1730605001835 4.480908393859863 0
1730605001900 4.375168323516846 0
1730605001980 4.382274627685547 0
1730605002067 4.109860420227051 0
1730605002148 4.130744934082031 0
1730605002214 4.444930076599121 0
1730605002277 4.32319450378418 0
1730605002338 4.260004043579102 0
1730605002398 4.720673561096191 0
1730605002459 3.995363712310791 0
1730605002519 3.9882137775421143 0
1730605002580 3.980865716934204 0
1730605002641 4.666707992553711 0
1730605002702 3.911831855773926 0
1730605002763 4.383116245269775 0
1730605002824 4.375341415405273 0
1730605002885 4.0010881423950195 0
1730605002949 4.058640956878662 0
1730605003014 4.253028869628906 0
1730605003082 3.916961669921875 0
1730605003146 4.219237327575684 0
1730605003207 4.554052352905273 0
1730605003268 4.738662242889404 0
1730605003329 4.086094856262207 0
1730605003390 4.0708842277526855 0
1730605003450 4.522799015045166 0
1730605003510 4.710399627685547 0
1730605003570 4.4944047927856445 0
1730605003631 4.474050998687744 0
1730605003692 4.254848957061768 0
1730605003752 4.042132377624512 0
1730605003813 4.204069137573242 0
1730605003874 4.202137470245361 0
1730605003934 4.552170753479004 0
1730605003994 4.227288722991943 0
1730605004055 4.5359368324279785 0
1730605004115 4.388288497924805 0
1730605004177 4.207509994506836 0
1730605004237 4.061399459838867 0
1730605004298 4.170509338378906 0
1730605004358 4.087197303771973 0
1730605004419 4.129998683929443 0
1730605004545 4.479762077331543 0
1730605004607 4.037660598754883 0
1730605004668 4.444305896759033 0
1730605004737 4.307145118713379 0
1730605004799 4.426023006439209 0
1730605004861 4.601981163024902 0
1730605004922 4.245943546295166 0
1730605004982 4.44429874420166 0
1730605005046 4.283727169036865 0
1730605005107 4.355738639831543 0
1730605005168 4.322436332702637 0
1730605005235 3.9671313762664795 0
1730605005301 4.160011291503906 0
1730605005367 4.115797519683838 0
1730605005428 4.285347938537598 0
1730605005489 4.2014384269714355 0
1730605005549 4.046014308929443 0
1730605005611 4.712803363800049 0
1730605005671 4.567970275878906 0
1730605005732 4.239132404327393 0
1730605005793 4.328494071960449 0
1730605005854 4.313433647155762 0
1730605005915 4.369335174560547 0
1730605005976 4.401402473449707 0
1730605006037 3.964686870574951 0
1730605006098 4.237649440765381 0
1730605006159 4.3665690422058105 0
1730605006220 4.146316051483154 0
1730605006280 3.9581573009490967 0
1730605006341 4.00046443939209 0
1730605006402 3.9472713470458984 0
1730605006462 4.109935760498047 0
1730605006523 4.095170497894287 0
1730605006584 4.603423118591309 0
1730605006646 4.710179328918457 0
1730605006708 4.445984363555908 0
1730605006768 4.084122180938721 0
1730605006829 4.05925178527832 0
1730605006890 4.240053653717041 0
1730605006950 4.218067169189453 0
1730605007011 4.138912200927734 0
1730605007074 4.132085800170898 0
1730605007134 3.9224631786346436 0
1730605007195 4.110575199127197 0
1730605007256 3.4973504543304443 0
1730605007316 4.311634063720703 0
1730605007377 3.8668837547302246 0
1730605007441 3.961544990539551 0
1730605007513 4.210434436798096 0
1730605007579 4.203822612762451 0
1730605007646 4.132331371307373 0
1730605007707 5.006307125091553 0
1730605007769 4.167144775390625 0
1730605007831 4.030066967010498 0
1730605007897 4.283167839050293 0
1730605007957 4.036059856414795 0
1730605008044 4.290787696838379 0
1730605008110 3.9207050800323486 0
1730605008171 4.652444839477539 0
1730605008231 4.64540958404541 0
1730605008546 4.351633548736572 0
1730605008608 4.517050743103027 0
1730605008681 4.6080780029296875 0
1730605008744 4.0879316329956055 0
1730605008805 4.211523056030273 0
1730605008866 4.320459842681885 0
1730605008928 4.070785045623779 0
1730605008988 4.30662727355957 0
1730605009049 4.3107781410217285 0
1730605009110 4.365616321563721 0
1730605009170 3.9914138317108154 0
1730605009230 4.012678623199463 0
1730605009291 4.006217956542969 0
1730605009352 4.124664306640625 0
1730605009414 4.245644569396973 0
1730605009474 4.85919189453125 0
1730605009536 4.429242134094238 0
1730605009597 4.265361309051514 0
1730605009657 3.9792540073394775 0
1730605009721 4.16600227355957 0
1730605009784 4.472444534301758 0
1730605009849 3.9984469413757324 0
1730605009910 4.406892776489258 0
1730605009970 4.222136497497559 0
1730605010030 4.322831630706787 0
1730605010093 4.207887649536133 0
1730605010154 4.062560558319092 0
1730605010215 4.650478363037109 0
1730605010276 4.679924011230469 0
1730605010336 4.2493577003479 0
1730605010398 4.431026458740234 0
1730605010458 4.424450874328613 0
1730605010519 4.416759967803955 0
1730605010585 3.525965690612793 0
1730605010645 4.5733842849731445 0
1730605010705 4.027706146240234 0
1730605010765 3.5155041217803955 0
1730605010826 3.909172534942627 0
1730605010886 4.543570041656494 0
1730605010946 4.626302242279053 0
1730605011007 3.992788314819336 0
1730605011070 4.31974983215332 0
1730605011130 3.9602127075195312 0
1730605011192 3.9544403553009033 0
1730605011252 4.02613639831543 0
1730605011312 4.465503692626953 0
1730605011372 4.263437747955322 0
1730605011433 4.367927551269531 0
1730605011495 3.4666390419006348 0
1730605011555 3.868271589279175 0
1730605011615 4.129787445068359 0
1730605011678 4.566817760467529 0
1730605011741 4.278789043426514 0
1730605011803 4.543144702911377 0
1730605011862 4.4183030128479 0
1730605011924 4.53324031829834 0
1730605011988 4.161850452423096 0
1730605012063 4.214227676391602 0
1730605012128 3.9095771312713623 0
1730605012190 4.168595790863037 0
1730605012251 4.356971263885498 0
1730605012312 3.836487293243408 0
1730605012373 4.359896183013916 0
1730605012434 4.18190336227417 0
1730605012495 4.621375560760498 0
1730605012718 4.3417534828186035 0
1730605012780 4.28580379486084 0
1730605012841 4.119826793670654 0
1730605012903 4.368898868560791 0
1730605012964 4.579625606536865 0
1730605013024 4.7746148109436035 0
1730605013085 4.032872200012207 0
1730605013145 4.469091415405273 0
1730605013206 4.251737594604492 0
1730605013265 4.961273193359375 0
1730605013325 3.91506290435791 0
1730605013388 4.008037090301514 0
1730605013465 4.612099647521973 0
1730605013540 4.167688369750977 0
1730605013621 4.220007419586182 0
1730605013699 4.254404544830322 0
1730605013761 4.157973766326904 0
1730605013821 4.156937122344971 0
1730605013880 4.322770595550537 0
1730605013940 4.228035926818848 0
1730605014001 3.8988568782806396 0
1730605014063 4.289736747741699 0
1730605014123 4.200911521911621 0
1730605014184 4.817296504974365 0
1730605014248 4.288582801818848 0
1730605014314 4.122206687927246 0
1730605014380 4.056026458740234 0
1730605014442 4.545700550079346 0
1730605014503 4.115814685821533 0
1730605014565 4.142948150634766 0
1730605014625 4.18349552154541 0
1730605014685 4.430206298828125 0
1730605014746 4.063656330108643 0
1730605014806 4.394110679626465 0
1730605014867 3.475046157836914 0
1730605014929 4.682211399078369 0
1730605014988 4.7032976150512695 0
1730605015049 4.06672477722168 0
1730605015109 4.132603645324707 0
1730605015173 4.245352745056152 0
1730605015251 4.112278938293457 0
1730605015863 4.241104602813721 0
1730605015947 3.9098517894744873 0
1730605016009 4.119187831878662 0
1730605016071 4.373973369598389 0
1730605016132 4.279995918273926 0
1730605016193 4.151795864105225 0
1730605016260 4.1338300704956055 0
1730605016321 4.545384407043457 0
1730605016382 4.332029819488525 0
1730605016447 4.3347578048706055 0
1730605016514 4.7422099113464355 0
1730605016592 4.177795886993408 0
1730605016679 4.316999912261963 0
1730605016757 4.450370788574219 0
1730605016822 4.477002143859863 0
1730605016886 4.2223381996154785 0
1730605016949 4.225162506103516 0
1730605017012 4.1079301834106445 0
1730605017076 4.353278636932373 0
1730605017139 4.282384872436523 0
1730605017201 4.0620317459106445 0
1730605017275 4.195262432098389 0
1730605017577 4.279559135437012 0
1730605017648 4.41664981842041 0
1730605017714 4.6285810470581055 0
1730605017776 4.195682525634766 0
1730605017838 4.133508682250977 0
1730605017899 4.160637855529785 0
1730605017962 3.4820621013641357 0
1730605018025 3.8605551719665527 0
1730605018088 4.336404800415039 0
1730605018149 4.377250671386719 0
1730605018211 4.416956901550293 0
1730605018272 4.1755595207214355 0
1730605018334 3.908579111099243 0
1730605018396 4.174453258514404 0
1730605018457 4.3478288650512695 0
1730605018518 4.023401737213135 0
1730605018580 3.462454319000244 0
1730605018643 4.504230499267578 0
1730605018706 4.0838623046875 0
1730605018774 4.6057329177856445 0
1730605018841 4.670433044433594 0
1730605018902 4.064681529998779 0
1730605018964 4.203355312347412 0
1730605019026 4.078127384185791 0
1730605019117 4.461373805999756 0
1730605019180 4.119877815246582 0
1730605019241 3.9547572135925293 0
1730605019302 4.311830520629883 0
1730605019363 4.578829288482666 0
1730605019425 4.045352458953857 0
1730605019487 3.9842708110809326 0
1730605019549 4.550295352935791 0
1730605019616 4.445640563964844 0
1730605019698 4.530524730682373 0
1730605019783 3.9252121448516846 0
1730605019869 4.06130838394165 0
1730605019949 4.486458778381348 0
1730605020015 3.9474081993103027 0
1730605020080 4.038906574249268 0
1730605020142 4.032746315002441 0
1730605020204 4.096532821655273 0
1730605020267 3.4374136924743652 0
1730605020330 4.118890762329102 0
1730605020395 4.484763145446777 0
1730605020457 3.898423433303833 0
1730605020518 4.153407096862793 0
1730605020579 4.317122936248779 0
1730605020641 4.51376485824585 0
1730605020702 4.343650817871094 0
1730605020764 3.855991840362549 0
1730605020827 4.096231460571289 0
1730605021084 4.210229873657227 0
1730605021153 4.3074259757995605 0
1730605021234 4.364319324493408 0
1730605021319 4.276645660400391 0
1730605021403 4.265745162963867 0
1730605021475 3.9418883323669434 0
1730605021544 3.9340412616729736 0
1730605021608 4.575873374938965 0
1730605021670 4.054652690887451 0
1730605021732 3.869691848754883 0
1730605021800 4.780031681060791 0
1730605021865 4.024136543273926 0
1730605021926 4.291739463806152 0
1730605021988 4.054073333740234 0
1730605022051 4.240184307098389 0
1730605022113 4.155376434326172 0
1730605022175 3.8409156799316406 0
1730605022237 4.156701564788818 0
1730605022297 4.117027282714844 0
1730605022359 4.441644191741943 0
1730605022420 4.71699333190918 0
1730605022481 4.811497211456299 0
1730605022543 4.097419261932373 0
1730605022604 4.166151523590088 0
1730605022667 4.124675750732422 0
1730605022749 3.4431285858154297 0
1730605022835 4.342166423797607 0
1730605022918 4.430456161499023 0
1730605023000 4.175838947296143 0
1730605023076 4.601088047027588 0
1730605023143 3.8340330123901367 0
1730605023209 4.260307312011719 0
1730605023288 4.27420711517334 0
1730605023386 4.443492889404297 0
1730605023468 4.399972915649414 0
1730605023548 4.961870193481445 0
1730605023615 4.100849151611328 0
1730605023684 4.338674068450928 0
1730605023771 4.7446746826171875 0
1730605023850 4.545833110809326 0
1730605023919 4.636590957641602 0
1730605023984 4.219199180603027 0
1730605024067 4.35772705078125 0
1730605024145 4.119608402252197 0
1730605024215 4.200029373168945 0
1730605024291 4.234916687011719 0
1730605024590 4.126105785369873 0
1730605024665 4.135718822479248 0
1730605024740 3.861204147338867 0
1730605024815 4.447080135345459 0
1730605024888 4.016524314880371 0
1730605025043 4.056483745574951 0
1730605025111 4.550257682800293 0
1730605025435 4.1079325675964355 0
1730605025513 4.669413089752197 0
1730605025585 4.582739353179932 0
1730605025652 4.364660263061523 0
1730605025714 4.188065528869629 0
1730605025777 4.714780807495117 0
1730605025841 4.148628234863281 0
1730605025909 4.038364410400391 0
1730605025973 4.272723197937012 0
1730605026048 4.150686264038086 0
1730605026179 4.109788417816162 0
1730605026329 4.692540645599365 0
1730605026492 4.391926288604736 0
1730605026596 4.182530879974365 0
1730605026796 3.8288114070892334 0
1730605026874 3.976682424545288 0
1730605026937 3.4649925231933594 0
1730605027000 3.461219072341919 0
1730605027065 3.824863910675049 0
1730605027128 4.656349182128906 0
1730605027190 4.396669387817383 0
1730605027250 4.00282096862793 0
1730605027312 4.3117289543151855 0
1730605027375 4.344789028167725 0
1730605027449 4.0589599609375 0
1730605027537 4.603272438049316 0
1730605027621 3.9345784187316895 0
1730605027697 4.064889907836914 0
1730605027765 4.3936638832092285 0
1730605027832 4.347519874572754 0
1730605027904 4.5918073654174805 0
1730605027986 4.368664264678955 0
1730605028075 3.79126238822937 0
1730605028154 3.4052541255950928 0
1730605028221 3.8903696537017822 0
1730605028298 4.10964298248291 0
1730605028380 4.1392388343811035 0
1730605028463 4.279365539550781 0
1730605028532 4.417567253112793 0
1730605028611 4.403876781463623 0
1730605028689 3.854806423187256 0
1730605028766 4.341071605682373 0
1730605028829 4.079564571380615 0
1730605028892 4.325418472290039 0
1730605028954 4.382500171661377 0
1730605029014 4.242151737213135 0
1730605029076 4.1826581954956055 0
1730605029139 4.652218818664551 0
1730605029209 4.7791290283203125 0
1730605029288 4.599398136138916 0
1730605029365 3.375577926635742 0
1730605029442 4.597145080566406 0
1730605029510 4.117025375366211 0
1730605029571 4.141858100891113 0
1730605029632 3.9311461448669434 0
1730605029693 4.000663757324219 0
1730605029755 4.52622127532959 0
1730605029816 4.301587104797363 0
1730605029879 4.1218485832214355 0
1730605029943 4.203885555267334 0
1730605030010 4.355098724365234 0
1730605030091 3.978160858154297 0
1730605030172 3.763335943222046 0
1730605030268 4.211224555969238 0
1730605030354 4.482934951782227 0
1730605030437 4.172700881958008 0
1730605030507 4.365353107452393 0
1730605030573 4.527499198913574 0
1730605030656 4.698616981506348 0
1730605030737 4.350310325622559 0
1730605030805 4.249594688415527 0
1730605030867 4.242556095123291 0
1730605030929 4.0788068771362305 0
1730605030990 4.359097480773926 0
1730605031056 4.682229995727539 0
1730605031138 4.141885280609131 0
1730605031217 4.051276206970215 0
1730605031296 4.334821701049805 0
1730605031360 4.5357866287231445 0
1730605031421 4.171492576599121 0
1730605031482 4.710614204406738 0
1730605031544 4.061836242675781 0
1730605031607 4.055656909942627 0
1730605031668 4.148353576660156 0
1730605031730 3.7346811294555664 0
1730605031792 4.566913604736328 0
1730605031854 4.419379234313965 0
1730605031915 4.1062517166137695 0
1730605031976 3.716207265853882 0
1730605032038 4.307660102844238 0
1730605032101 4.46900749206543 0
1730605032163 4.440441131591797 0
1730605032228 3.863459587097168 0
1730605032294 4.53129243850708 0
1730605032361 4.278886795043945 0
1730605032423 4.318732738494873 0
1730605032484 4.132299423217773 0
1730605032545 4.136111259460449 0
1730605032609 4.299129486083984 0
1730605032673 4.248575687408447 0
1730605032735 4.06714391708374 0
1730605032864 3.958866834640503 0
1730605032925 4.30982780456543 0
1730605032988 3.4091663360595703 0
1730605033068 3.99064564704895 0
1730605033131 4.567877292633057 0
1730605033194 4.2469305992126465 0
1730605033256 3.889087438583374 0
1730605033319 4.233508586883545 0
1730605033382 3.8953146934509277 0
1730605033444 4.271912097930908 0
1730605033506 4.327182292938232 0
1730605033567 4.617159843444824 0
1730605033629 4.244323253631592 0
1730605033697 4.135493755340576 0
1730605033759 4.12888240814209 0
1730605033821 4.2048797607421875 0
1730605033883 3.982783555984497 0
1730605033945 4.276583194732666 0
1730605034007 4.092748641967773 0
1730605034070 4.357147693634033 0
1730605034131 4.283126354217529 0
1730605034193 4.152026176452637 0
1730605034255 4.48547887802124 0
1730605034316 4.387721061706543 0
1730605034378 4.249582290649414 0
1730605034442 4.235783576965332 0
1730605034508 3.954616069793701 0
1730605034574 3.857339382171631 0
1730605034640 4.119062423706055 0
1730605034702 4.477038860321045 0
1730605034764 4.132091999053955 0
1730605034827 4.137670040130615 0
1730605034889 4.416947364807129 0
1730605034951 4.54757022857666 0
1730605035013 4.212761402130127 0
1730605035076 3.685863733291626 0
1730605035137 4.353517532348633 0
1730605035198 4.622332572937012 0
1730605035266 3.820842742919922 0
1730605035333 4.642695426940918 0
1730605035396 4.631475448608398 0
1730605035463 4.164828300476074 0
1730605035531 4.426126480102539 0
1730605035595 3.939584255218506 0
1730605035659 4.150064468383789 0
1730605035727 4.214007377624512 0
1730605035791 4.517496109008789 0
1730605035855 4.6566290855407715 0
1730605035916 4.319594383239746 0
1730605035978 4.2844462394714355 0
1730605036042 4.378343105316162 0
1730605036106 4.143890380859375 0
1730605036174 4.562558174133301 0
1730605036254 4.204752445220947 0
1730605036321 3.6606991291046143 0
1730605036399 4.598272323608398 0
1730605036464 4.416544437408447 0
1730605036527 4.074465751647949 0
1730605036589 4.553379058837891 0
1730605036654 4.475272178649902 0
1730605036722 4.178709030151367 0
1730605036790 4.302350044250488 0
1730605036857 4.459376811981201 0
1730605036919 4.420963287353516 0
1730605036982 4.270920276641846 0
1730605037047 4.409975051879883 0
1730605037116 4.555112838745117 0
1730605037180 4.249040126800537 0
1730605037245 4.689826965332031 0
1730605037310 4.681187629699707 0
1730605037375 4.169619560241699 0
1730605037439 3.9390268325805664 0
1730605037503 4.523275375366211 0
1730605037565 4.143343448638916 0
1730605037628 4.33201265335083 0
1730605037692 4.260890483856201 0
1730605037756 4.275335311889648 0
1730605037821 4.5590033531188965 0
1730605037884 5.000461101531982 0
1730605037949 4.068135738372803 0
1730605038014 4.185393333435059 0
1730605038079 4.326560020446777 0
1730605038144 4.122585773468018 0
1730605038208 4.047299385070801 0
1730605038273 4.13803243637085 0
1730605038337 4.387227535247803 0
1730605038401 4.489349365234375 0
1730605038465 4.454129695892334 0
1730605038530 4.575174331665039 0
1730605038596 4.355788230895996 0
1730605038661 4.590303421020508 0
1730605038734 4.391383647918701 0
1730605038802 4.460912227630615 0
1730605038865 4.189844131469727 0
1730605038934 3.948289394378662 0
1730605039018 3.9424352645874023 0
1730605039099 4.608735084533691 0
1730605039164 4.146069049835205 0
1730605039230 4.541961669921875 0
1730605039298 4.139796257019043 0
1730605039363 4.257288455963135 0
1730605039426 4.388174533843994 0
1730605039487 4.380558013916016 0
1730605039552 4.507425308227539 0
1730605039617 4.125738143920898 0
1730605039680 4.278329849243164 0
1730605039745 4.1307053565979 0
1730605039808 4.325108051300049 0
1730605039871 4.267297267913818 0
1730605039932 4.492127418518066 0
1730605039998 4.252323150634766 0
1730605040078 4.293083667755127 0
1730605040144 4.576565265655518 0
1730605040206 4.524560451507568 0
1730605040268 4.3978352546691895 0
1730605040331 4.600820541381836 0
1730605040393 4.145570755004883 0
1730605040462 4.207355976104736 0
1730605040523 4.427485466003418 0
1730605040586 4.152363300323486 0
1730605040647 4.92260217666626 0
1730605040709 4.378375053405762 0
1730605040771 4.401197910308838 0
1730605040833 4.303369998931885 0
1730605040896 4.055624485015869 0
1730605040960 4.279026031494141 0
1730605041022 4.1610283851623535 0
1730605041102 4.2185444831848145 0
1730605041166 4.201179504394531 0
1730605041232 3.8639605045318604 0
1730605041297 4.22778844833374 0
1730605041365 4.553482532501221 0
1730605041429 4.518538475036621 0
1730605041494 4.234022617340088 0
1730605041559 4.159780502319336 0
1730605041628 4.453683853149414 0
1730605041693 4.407161235809326 0
1730605041755 4.459327220916748 0
1730605041816 4.113607406616211 0
1730605041879 4.168750762939453 0
1730605041940 4.405765056610107 0
1730605042001 3.7273101806640625 0
1730605042065 4.760348796844482 0
1730605042127 4.115363121032715 0
1730605042188 3.877976894378662 0
1730605042249 4.152316093444824 0
1730605042311 4.345865726470947 0
1730605042373 3.6056785583496094 0
1730605042434 3.831221342086792 0
1730605042497 4.40001916885376 0
1730605042560 4.275876045227051 0
1730605042624 4.453405857086182 0
1730605042689 4.109886169433594 0
1730605042752 4.113919734954834 0
1730605042815 4.846407890319824 0
1730605042879 4.0903849601745605 0
1730605042943 4.11691427230835 0
1730605043005 4.342645168304443 0
1730605043070 4.119330406188965 0
1730605043131 4.5517497062683105 0
1730605043194 4.1910295486450195 0
1730605043262 4.089625835418701 0
1730605043329 4.220478057861328 0
1730605043392 4.1525163650512695 0
1730605043457 4.472215175628662 0
1730605043523 4.1634907722473145 0
1730605043598 4.269266605377197 0
1730605043663 4.608380317687988 0
1730605043725 4.5535197257995605 0
1730605043787 4.356335163116455 0
1730605043850 4.185530662536621 0
1730605043912 4.045151710510254 0
1730605043974 4.236794471740723 0
1730605044061 3.593120574951172 0
1730605044159 4.1533331871032715 0
1730605044227 3.5846383571624756 0
1730605044293 4.048281669616699 0
1730605044359 4.535616397857666 0
1730605044426 4.271937370300293 0
1730605044490 4.246774673461914 0
1730605044557 4.010298252105713 0
1730605044621 4.77215051651001 0
1730605044698 4.512918472290039 0
1730605044764 4.574493885040283 0
1730605044829 4.374873638153076 0
1730605044900 4.0973663330078125 0
1730605044963 3.7350940704345703 0
1730605045026 3.527759313583374 0
1730605045092 4.065718173980713 0
1730605045160 3.5147740840911865 0
1730605045222 4.308177947998047 0
1730605045284 3.8780524730682373 0
1730605045350 4.327674865722656 0
1730605045421 4.276226997375488 0
1730605045484 4.301527500152588 0
1730605045548 4.256747245788574 0
1730605045611 4.189630508422852 0
1730605045675 4.153108596801758 0
1730605045745 4.095425605773926 0
1730605045819 4.083217620849609 0
1730605045888 4.264529228210449 0
1730605045950 4.098735809326172 0
1730605046013 4.4364471435546875 0
1730605046076 4.236786365509033 0
1730605046138 4.432675838470459 0
1730605046199 4.06431770324707 0
1730605046262 4.249769687652588 0
1730605046325 4.046000003814697 0
1730605046388 4.123108863830566 0
1730605046451 3.9669132232666016 0
1730605046514 4.046144008636475 0
1730605046577 3.715153217315674 0
1730605046641 4.208249568939209 0
1730605046703 4.196157455444336 0
1730605046765 4.419872283935547 0
1730605046828 4.19271183013916 0
1730605046892 4.327252388000488 0
1730605046955 4.057309150695801 0
1730605047017 4.171548366546631 0
1730605047083 4.622340202331543 0
1730605047147 4.149914741516113 0
1730605047210 4.195955753326416 0
1730605047271 4.027678489685059 0
1730605047333 4.568609237670898 0
1730605047397 4.200723171234131 0
1730605047460 4.15244197845459 0
1730605047524 4.119463920593262 0
1730605047587 4.4504594802856445 0
1730605047662 4.52522087097168 0
1730605047730 4.516487121582031 0
1730605047793 4.148199558258057 0
1730605047860 4.195457458496094 0
1730605047926 4.518701076507568 0
1730605047995 4.500796794891357 0
1730605048132 4.242395401000977 0
1730605048285 3.933295249938965 0
1730605048403 4.151355743408203 0
1730605048502 4.057295322418213 0
1730605048595 4.087357521057129 0
1730605048764 3.9930717945098877 0
1730605048835 4.539144992828369 0
1730605048897 4.27113676071167 0
1730605048960 3.699086904525757 0
1730605049021 4.449573040008545 0
1730605049083 4.084293842315674 0
1730605049145 4.487786293029785 0
1730605049392 3.891240358352661 0
1730605049453 4.181931018829346 0
1730605049515 4.14638090133667 0
1730605049777 3.8766403198242188 0
1730605049839 4.371211528778076 0
1730605049919 4.190708160400391 0
1730605050036 4.0430426597595215 0
1730605050110 4.2276482582092285 0
1730605050225 4.183615684509277 0
1730605050314 4.273316383361816 0
1730605050402 4.266186237335205 0
1730605050487 4.539260387420654 0
1730605050588 4.258623123168945 0
1730605050689 4.108071804046631 0
1730605050776 4.625362396240234 0
1730605050855 4.222260475158691 0
1730605050927 4.1381940841674805 0
1730605051000 4.079539775848389 0
1730605051127 4.327628135681152 0
1730605051268 4.404759407043457 0
1730605051637 4.156716346740723 0
1730605051959 4.202408313751221 0
1730605052260 4.097280979156494 0
1730605052458 4.098573684692383 0
1730605052678 4.2329816818237305 0
1730605052888 3.9413113594055176 0
1730605052992 4.147218227386475 0
1730605053080 4.214628219604492 0
1730605053170 4.483672142028809 0
1730605053238 4.137772083282471 0
1730605053308 4.175032138824463 0
1730605053381 4.049915790557861 0
1730605053470 4.394832134246826 0
1730605053543 4.465221405029297 0
1730605053626 4.786839008331299 0
1730605053783 4.104579448699951 0
1730605053898 4.1755194664001465 0
1730605053964 4.439791202545166 0
1730605054028 3.9788894653320312 0
1730605054104 4.154691219329834 0
1730605054189 4.513506889343262 0
1730605054264 4.206204414367676 0
1730605054326 4.050356388092041 0
1730605054388 4.491274356842041 0
1730605054450 4.480563640594482 0
1730605054513 4.098237991333008 0
1730605054577 4.454636096954346 0
1730605054640 4.173398017883301 0
1730605054704 4.451852321624756 0
1730605054768 3.576988935470581 0
1730605054832 4.711057662963867 0
1730605054896 4.022609233856201 0
1730605054960 4.008547306060791 0
1730605055023 4.010212421417236 0
1730605055087 4.286406517028809 0
1730605055148 4.121466636657715 0
1730605055210 4.11681604385376 0
1730605055271 4.375998020172119 0
1730605055332 4.373702526092529 0
1730605055394 4.099181175231934 0
1730605055460 3.9433071613311768 0
1730605055526 4.049551010131836 0
1730605055592 4.626009941101074 0
1730605055655 4.348440647125244 0
1730605055718 4.006819725036621 0
1730605055782 4.37483024597168 0
1730605055844 4.161118507385254 0
1730605055907 4.108270645141602 0
1730605055968 4.035226821899414 0
1730605056032 4.326745510101318 0
1730605056097 4.827359676361084 0
1730605056161 4.3156208992004395 0
1730605056222 4.20435094833374 0
1730605056284 4.086385726928711 0
1730605056353 4.370683670043945 0
1730605056432 4.788964748382568 0
1730605056507 4.18571138381958 0
1730605056588 3.901867389678955 0
1730605056665 4.084303379058838 0
1730605056728 4.347620487213135 0
1730605056789 4.125194549560547 0
1730605056851 4.566519737243652 0
1730605056913 4.062160491943359 0
1730605056975 4.4693098068237305 0
1730605057038 4.162038326263428 0
1730605057101 3.8808140754699707 0
1730605057164 3.8638648986816406 0
1730605057240 4.365832805633545 0
1730605057319 4.145541191101074 0
1730605057387 4.518762588500977 0
1730605057449 3.9293296337127686 0
1730605057511 3.9987313747406006 0
1730605057574 4.378321647644043 0
1730605057636 4.298501968383789 0
1730605057701 4.246090412139893 0
1730605057767 4.2746405601501465 0
1730605057831 4.962813377380371 0
1730605057895 4.261265754699707 0
1730605057956 4.634156227111816 0
1730605058018 4.316671371459961 0
1730605058093 4.066400527954102 0
1730605058155 4.533117294311523 0
1730605058216 4.467566967010498 0
1730605058278 4.12354850769043 0
1730605058340 3.8920655250549316 0
1730605058404 4.01200532913208 0
1730605058466 4.409859657287598 0
1730605058528 4.396913051605225 0
1730605058590 4.395639419555664 0
1730605058652 4.024093151092529 0
1730605058715 4.071995735168457 0
1730605058778 4.065638542175293 0
1730605058840 3.9978373050689697 0
1730605058903 4.102019786834717 0
1730605058966 4.019259929656982 0
1730605059030 4.320349216461182 0
1730605059093 4.407371997833252 0
1730605059156 4.239022731781006 0
1730605059219 4.27614164352417 0
1730605059281 4.470882415771484 0
1730605059344 4.344778060913086 0
1730605059406 4.101260662078857 0
1730605059469 4.078358173370361 0
1730605059530 4.385854244232178 0
1730605059593 4.156766891479492 0
1730605059654 4.468789100646973 0
1730605059715 4.02938175201416 0
1730605059777 4.11767053604126 0
1730605059838 4.228916168212891 0
1730605059901 4.8308515548706055 0
1730605059967 4.535060405731201 0
1730605060032 4.436727046966553 0
1730605060098 4.131400108337402 0
1730605060160 4.682408809661865 0
1730605060221 4.330758571624756 0
1730605060282 3.6593174934387207 0
1730605060344 4.248876094818115 0
1730605060406 3.840010643005371 0
1730605060468 4.884037017822266 0
1730605060530 4.218111038208008 0
1730605060592 4.21746301651001 0
1730605060654 4.480643272399902 0
1730605060717 4.289261817932129 0
1730605060780 4.034430503845215 0
1730605060842 4.352869033813477 0
1730605060904 4.761733055114746 0
1730605060966 4.470468997955322 0
1730605061095 4.317652702331543 0
1730605061166 4.074938774108887 0
1730605061251 3.9043197631835938 0
1730605061352 4.815049171447754 0
1730605061433 4.108026027679443 0
1730605061509 4.112154960632324 0
1730605061577 4.4517903327941895 0
1730605061639 3.8785955905914307 0
1730605061701 4.423636436462402 0
1730605061763 4.660999298095703 0
1730605061827 3.8753890991210938 0
1730605061889 3.866950035095215 0
1730605061954 4.39685583114624 0
1730605062017 4.737621307373047 0
1730605062079 4.209446907043457 0
1730605062141 3.6445512771606445 0
1730605062206 4.596552848815918 0
1730605062274 3.803370237350464 0
1730605062341 4.070520401000977 0
1730605062404 4.3727593421936035 0
1730605062466 4.390218257904053 0
1730605062529 4.704697132110596 0
1730605062591 4.376799583435059 0
1730605062652 4.420072555541992 0
1730605062714 4.295031547546387 0
1730605062787 4.023225784301758 0
1730605062876 4.303985118865967 0
1730605062955 4.393370151519775 0
1730605063031 4.149900436401367 0
1730605063100 4.30432653427124 0
1730605063163 4.420378684997559 0
1730605063226 4.645528793334961 0
1730605063288 4.162920951843262 0
1730605063350 4.43479585647583 0
1730605063413 4.337113857269287 0
1730605063475 4.234476566314697 0
1730605063727 3.7051053047180176 0
1730605063790 4.2797136306762695 0
1730605063853 4.012519359588623 0
1730605063922 4.051021575927734 0
1730605064009 4.121488094329834 0
1730605064098 4.318004608154297 0
1730605064168 4.196793556213379 0
1730605064232 4.225595474243164 0
1730605064294 4.252010345458984 0
1730605064355 4.031829357147217 0
1730605064423 4.075930595397949 0
1730605064511 4.222979545593262 0
1730605064607 4.277414321899414 0
1730605064705 4.740759372711182 0
1730605064782 3.967255115509033 0
1730605064851 4.123175621032715 0
1730605064916 4.070888519287109 0
1730605064979 3.876563549041748 0
1730605065046 4.647942543029785 0
1730605065113 4.0481109619140625 0
1730605065176 3.9965598583221436 0
1730605065240 4.350588321685791 0
1730605065303 4.031704425811768 0
1730605065365 4.638628959655762 0
1730605065427 4.098874092102051 0
1730605065490 4.06059455871582 0
1730605065568 4.751567840576172 0
1730605065653 4.546258449554443 0
1730605065738 4.194157600402832 0
1730605065816 4.618098258972168 0
1730605065883 4.005733013153076 0
1730605065945 4.192741870880127 0
1730605066006 4.666901588439941 0
1730605066070 4.178189754486084 0
1730605066133 4.662243843078613 0
1730605066197 4.762017726898193 0
1730605066271 4.346998691558838 0
1730605066355 4.405511856079102 0
1730605066446 3.9719974994659424 0
1730605066515 4.160782814025879 0
1730605066579 3.8463921546936035 0
1730605066640 4.18583869934082 0
1730605066702 4.263079643249512 0
1730605066779 3.9460620880126953 0
1730605066859 4.32473087310791 0
1730605066948 4.020026683807373 0
1730605067045 4.67432165145874 0
1730605067113 4.153886795043945 0
1730605067180 4.654233932495117 0
1730605067261 4.634459495544434 0
1730605067347 4.197798728942871 0
1730605067437 4.204010963439941 0
1730605067508 4.403385162353516 0
1730605067574 4.043491840362549 0
1730605067638 3.9022574424743652 0
1730605067701 4.385156631469727 0
1730605067765 4.399563312530518 0
1730605067830 3.9760749340057373 0
1730605067897 4.484594345092773 0
1730605067960 4.274459362030029 0
1730605068022 4.588075637817383 0
1730605068088 4.3164262771606445 0
1730605068154 4.648567199707031 0
1730605068217 4.559072494506836 0
1730605068280 4.265276908874512 0
1730605068355 4.586925506591797 0
1730605068417 4.1397552490234375 0
1730605068488 4.611993789672852 0
1730605068555 4.58405876159668 0
1730605068618 4.157773017883301 0
1730605068682 4.179978370666504 0
1730605068747 4.310431957244873 0
1730605068811 3.948615312576294 0
1730605068874 4.268428325653076 0
1730605068938 4.564544677734375 0
1730605069001 4.155295372009277 0
1730605069064 3.744513511657715 0
1730605069127 4.124537944793701 0
1730605069189 4.273217678070068 0
1730605069252 4.358214855194092 0
1730605069316 4.226517200469971 0
1730605069378 3.920194625854492 0
1730605069444 4.521899700164795 0
1730605069512 4.215434551239014 0
1730605069580 4.012805461883545 0
1730605069665 4.144652366638184 0
1730605069737 4.337612628936768 0
1730605069800 4.103825569152832 0
1730605069871 4.089314937591553 0
1730605069933 3.752434730529785 0
1730605070011 3.747767925262451 0
1730605070085 4.605495929718018 0
1730605070152 4.199291229248047 0
1730605070215 4.7086100578308105 0
1730605070279 3.879937171936035 0
1730605070341 4.342335224151611 0
1730605070405 4.572112560272217 0
1730605070481 4.430606842041016 0
1730605070587 4.366211891174316 0
