1730599679326 4.244833469390869 0
1730599700362 4.237512588500977 0
1730599721863 4.247312068939209 0
1730599742447 4.241243839263916 0
1730599763065 4.232539176940918 0
1730599783881 4.242202281951904 0
1730599804547 4.234681606292725 0
1730599824664 4.240448474884033 0
1730599844977 4.232308387756348 0
1730599865071 4.238984107971191 0
1730599885184 4.244864463806152 0
1730599905132 4.2361345291137695 0
1730599925111 4.245171546936035 0
1730599945461 4.22979211807251 0
1730599966796 4.240840911865234 0
1730599985079 4.214206695556641 0
1730600003555 4.240811347961426 0
1730600021867 4.217803478240967 0
1730600040243 4.233407020568848 0
1730600058864 4.226053237915039 0
1730600077597 4.23753023147583 0
1730600096201 4.244041442871094 0
1730600114858 4.221754550933838 0
1730600133179 4.245540142059326 0
1730600151442 4.212352275848389 0
1730600170215 4.2451395988464355 0
1730600188830 4.236466407775879 0
1730600207399 4.215194225311279 0
1730600226201 4.264499187469482 0
1730600244583 4.234462738037109 0
1730600263347 4.226961135864258 0
1730600281892 4.226190567016602 0
1730600300318 4.229913711547852 0
1730600318915 4.234043121337891 0
1730600337299 4.213423728942871 0
1730600356091 4.219260215759277 0
1730600374555 4.225455284118652 0
1730600392958 4.22955322265625 0
1730600411679 4.251525402069092 0
1730600430185 4.2227606773376465 0
1730600448496 4.237056732177734 0
1730600466856 4.228816509246826 0
1730600485282 4.198697566986084 0
1730600503832 4.23500919342041 0
1730600522159 4.220715045928955 0
1730600540524 4.240957260131836 0
1730600559149 4.2245001792907715 0
1730600577485 4.225779056549072 0
1730600595807 4.237646102905273 0
1730600614244 4.23342752456665 0
1730600632777 4.219614028930664 0
1730600651108 4.203932285308838 0
1730600669461 4.225833415985107 0
1730600688570 4.231474876403809 0
1730600706844 4.233691692352295 0
1730600725200 4.221521377563477 0
1730600743622 4.1988654136657715 0
1730600762000 4.206827163696289 0
1730600780713 4.216323375701904 0
1730600799185 4.214101791381836 0
1730600817423 4.225388050079346 0
1730600836288 4.205857276916504 0
1730600856846 4.228672981262207 0
1730600884621 4.230947017669678 0
1730600905176 4.214160442352295 0
1730600925373 4.22817850112915 0
1730600945718 4.1909074783325195 0
1730600966175 4.206042289733887 0
1730600986930 4.2111101150512695 0
1730601008639 4.218934535980225 0
1730601029227 4.2016215324401855 0
1730601050071 4.23425817489624 0
1730601071150 4.231771469116211 0
1730601091539 4.2087883949279785 0
