1730599679338 0.015306122601032257 0
1730599700374 0.012755102477967739 0
1730599721876 0.02380952425301075 0
1730599742459 0.01913265325129032 0
1730599763077 0.0173469390720129 0
1730599783893 0.020408162847161293 0
1730599804559 0.020408162847161293 0
1730599824676 0.021683674305677414 0
1730599844990 0.020408162847161293 0
1730599865082 0.022448979318141937 0
1730599885197 0.023191094398498535 0
1730599905144 0.024234693497419357 0
1730599925124 0.024332810193300247 0
1730599945473 0.026239067316055298 0
1730599966808 0.02687074802815914 0
1730599985090 0.029336735606193542 0
1730600003567 0.029111644253134727 0
1730600021879 0.03004535101354122 0
1730600040254 0.030612245202064514 0
1730600058876 0.030612245202064514 0
1730600077608 0.030126336961984634 0
1730600096213 0.029916511848568916 0
1730600114870 0.03016858920454979 0
1730600133190 0.030187074095010757 0
1730600151453 0.031020408496260643 0
1730600170227 0.030808476731181145 0
1730600188841 0.030423279851675034 0
1730600207410 0.03152332454919815 0
1730600226213 0.03131597489118576 0
1730600244595 0.03146258369088173 0
1730600263358 0.031928900629282 0
1730600281904 0.0323660708963871 0
1730600300329 0.03293135389685631 0
1730600318926 0.032713085412979126 0
1730600337311 0.03309037908911705 0
1730600356103 0.03330498933792114 0
1730600374566 0.033507999032735825 0
1730600392969 0.03343179449439049 0
1730600411691 0.03283620998263359 0
1730600430196 0.0322704091668129 0
1730600448507 0.032229963690042496 0
1730600466867 0.03182701766490936 0
1730600485293 0.03144280984997749 0
1730600503844 0.031076066195964813 0
1730600522170 0.03095238097012043 0
1730600540536 0.030834073200821877 0
1730600559160 0.030612245202064514 0
1730600577496 0.030824830755591393 0
1730600595819 0.030403997749090195 0
1730600614256 0.030204081907868385 0
1730600632789 0.03051220439374447 0
1730600651120 0.030514128506183624 0
1730600669472 0.03032344952225685 0
1730600688581 0.030328799039125443 0
1730600706855 0.030241187661886215 0
1730600725212 0.030156705528497696 0
1730600743633 0.030164698138833046 0
1730600762011 0.030524278059601784 0
1730600780724 0.03026634454727173 0
1730600799196 0.030187074095010757 0
1730600817434 0.030110403895378113 0
1730600836300 0.030200790613889694 0
1730600856859 0.030369291082024574 0
1730600884634 0.030213648453354836 0
1730600905189 0.030533751472830772 0
1730600925385 0.030380334705114365 0
1730600945731 0.030916843563318253 0
1730600966187 0.03121248446404934 0
1730600986945 0.031499557197093964 0
1730601008651 0.03163265436887741 0
1730601029240 0.03176200017333031 0
1730601050085 0.03167517110705376 0
1730601071163 0.031590718775987625 0
1730601091552 0.03185328096151352 0
