1730602369435 4.258780002593994 0
1730602372111 4.233963489532471 0
1730602372725 4.251724720001221 0
1730602373340 4.236896514892578 0
1730602373947 4.300203323364258 0
1730602374399 4.245926856994629 0
1730602375047 4.246436595916748 0
1730602375705 4.275469779968262 0
1730602376204 4.23245906829834 0
1730602376682 4.22194242477417 0
1730602377300 4.240579128265381 0
1730602377747 4.256162166595459 0
1730602377881 4.271578311920166 0
1730602378003 4.2302470207214355 0
1730602378299 4.1729631423950195 0
1730602378420 4.27154541015625 0
1730602378858 4.240218639373779 0
1730602379153 4.246942043304443 0
1730602379594 4.231860637664795 0
1730602380042 4.2140936851501465 0
1730602380483 4.205996036529541 0
1730602380605 4.2858171463012695 0
1730602380879 4.2062578201293945 0
1730602381160 4.198071002960205 0
1730602381433 4.2026238441467285 0
1730602381715 4.274137496948242 0
1730602381838 4.253803253173828 0
1730602382281 4.192173480987549 0
1730602382567 4.178919315338135 0
1730602382682 4.28261661529541 0
1730602382799 4.19866943359375 0
1730602383132 4.2821879386901855 0
1730602383696 4.197725772857666 0
1730602384207 4.294206142425537 0
1730602384495 4.158535003662109 0
1730602384629 4.208686828613281 0
1730602384755 4.2577009201049805 0
1730602385043 4.361392021179199 0
1730602385336 4.176055431365967 0
1730602385619 4.249664306640625 0
1730602385898 4.21418571472168 0
1730602386182 4.143937110900879 0
1730602386297 4.135469436645508 0
1730602386748 4.313790321350098 0
1730602387040 4.338500499725342 0
1730602387156 4.418338775634766 0
1730602387609 4.311636924743652 0
1730602387741 4.216437816619873 0
1730602388027 4.249894618988037 0
1730602388142 4.22982931137085 0
1730602388259 4.169839859008789 0
1730602388372 4.12075662612915 0
1730602388485 4.186530590057373 0
1730602388604 4.30407190322876 0
1730602388948 4.271833896636963 0
1730602389080 4.232521057128906 0
1730602389245 4.462678909301758 0
1730602389382 4.121342658996582 0
1730602389497 4.197637557983398 0
1730602389621 4.18653678894043 0
1730602389753 4.17057466506958 0
1730602389868 4.156259536743164 0
1730602389981 4.283387184143066 0
1730602390117 4.334839344024658 0
1730602390238 4.1728620529174805 0
1730602390352 4.359428405761719 0
1730602390464 4.359555721282959 0
1730602390580 4.159778118133545 0
1730602390694 4.10276460647583 0
1730602390808 4.24629020690918 0
1730602390920 4.337457656860352 0
1730602391047 4.101762771606445 0
1730602391674 4.144425868988037 0
1730602391788 4.1347880363464355 0
1730602391908 4.114384174346924 0
1730602392023 4.171517372131348 0
1730602392140 4.3822021484375 0
1730602392254 4.0573906898498535 0
1730602392366 4.405745983123779 0
1730602392730 4.341247081756592 0
1730602392850 4.3081207275390625 0
1730602393136 4.379721641540527 0
1730602393248 4.347503185272217 0
1730602393376 4.264884948730469 0
1730602393655 4.132217884063721 0
1730602393940 4.0609893798828125 0
1730602394066 4.198977947235107 0
1730602394193 4.183138847351074 0
1730602394310 4.417046070098877 0
1730602394427 4.012869834899902 0
1730602394543 4.162668228149414 0
1730602394659 4.411593437194824 0
1730602394771 4.151213645935059 0
1730602394883 4.161616802215576 0
1730602394995 4.41531229019165 0
1730602395282 4.228449821472168 0
1730602395401 4.407025337219238 0
1730602395512 4.162714004516602 0
1730602395625 4.375883102416992 0
1730602395738 4.017673015594482 0
1730602395849 4.224724292755127 0
1730602395961 4.277202606201172 0
1730602396074 4.378169059753418 0
1730602396188 4.099645614624023 0
1730602396307 4.218808174133301 0
1730602396588 4.292234897613525 0
1730602396701 4.069947242736816 0
1730602396812 4.332837104797363 0
1730602397256 4.318422317504883 0
1730602397389 4.2077741622924805 0
1730602397510 4.160987854003906 0
1730602397627 4.142785549163818 0
1730602397751 4.299801826477051 0
1730602398040 4.209549903869629 0
1730602398161 4.25199031829834 0
1730602398275 4.376541614532471 0
1730602398388 4.427106857299805 0
1730602398508 4.223971366882324 0
1730602398628 4.101558208465576 0
1730602398742 4.094772815704346 0
1730602399023 4.376977920532227 0
1730602399137 4.134824275970459 0
1730602399249 4.336108684539795 0
1730602399363 4.179532051086426 0
1730602399475 3.9999966621398926 0
1730602399587 4.415616989135742 0
1730602399698 4.149460315704346 0
1730602399811 4.368508338928223 0
1730602399925 4.48567533493042 0
1730602400039 4.359230995178223 0
1730602400153 4.07525110244751 0
1730602400266 4.2434563636779785 0
1730602400387 4.435059070587158 0
1730602400670 4.429148197174072 0
1730602400798 4.451523303985596 0
1730602400915 4.168054103851318 0
1730602401032 4.467337131500244 0
1730602401152 4.155488014221191 0
1730602401280 4.121340274810791 0
1730602401402 4.147563934326172 0
1730602401531 4.232701778411865 0
1730602401645 4.281925678253174 0
1730602401758 4.303788185119629 0
1730602401872 4.33091926574707 0
1730602401986 4.228365421295166 0
1730602402099 4.123594284057617 0
1730602402213 4.282392978668213 0
1730602402326 4.2737717628479 0
1730602402439 4.194483757019043 0
1730602402552 4.240865707397461 0
1730602402664 4.206743240356445 0
1730602402994 4.211000919342041 0
1730602403129 4.164600372314453 0
1730602403243 4.254803657531738 0
1730602403357 4.178753852844238 0
1730602403479 4.077505588531494 0
1730602403592 4.2873430252075195 0
1730602403705 4.1154093742370605 0
1730602403817 4.255774021148682 0
1730602403930 4.246341228485107 0
1730602404066 4.131357669830322 0
1730602404194 4.497128009796143 0
1730602404308 4.342743873596191 0
1730602404421 4.102893352508545 0
1730602404543 4.358464241027832 0
1730602404656 4.29703950881958 0
1730602404778 4.127010822296143 0
1730602404890 4.170562267303467 0
1730602405002 4.223077774047852 0
1730602405113 4.292699813842773 0
1730602405231 4.201085567474365 0
1730602405351 4.311855316162109 0
1730602405464 4.130285739898682 0
1730602405576 4.227174758911133 0
1730602405690 4.2582244873046875 0
1730602405804 4.434935569763184 0
1730602405916 4.065767288208008 0
1730602406029 4.376807689666748 0
1730602406142 4.047061920166016 0
1730602406255 4.05465841293335 0
1730602406367 4.481186866760254 0
1730602406479 4.176595211029053 0
1730602406593 4.062955856323242 0
1730602406707 4.320850849151611 0
1730602406818 4.116871356964111 0
1730602406930 4.348877429962158 0
1730602407045 4.6355719566345215 0
1730602407158 4.168900966644287 0
1730602407271 4.405489921569824 0
1730602407384 4.453413963317871 0
1730602407505 4.189663887023926 0
1730602407802 4.234399795532227 0
1730602407914 4.231445789337158 0
1730602408027 4.332749366760254 0
1730602408142 4.331295967102051 0
1730602408254 4.139080047607422 0
1730602408437 4.073580265045166 0
1730602408557 4.515445232391357 0
1730602408683 4.340612411499023 0
1730602408795 4.292080879211426 0
1730602408910 4.20688533782959 0
1730602409024 4.104799747467041 0
1730602409139 4.152525901794434 0
1730602409252 4.38866662979126 0
1730602409363 4.224258899688721 0
1730602409477 4.146810054779053 0
1730602409591 4.110112190246582 0
1730602409707 4.195427894592285 0
1730602409827 4.390168190002441 0
1730602409944 4.122686862945557 0
1730602410443 4.194441318511963 0
1730602410558 4.432900905609131 0
1730602410672 4.25806999206543 0
1730602410784 4.270617485046387 0
1730602410897 4.4195556640625 0
1730602411011 4.231097221374512 0
1730602411165 4.129385948181152 0
1730602411308 4.1248979568481445 0
1730602411456 4.093779563903809 0
1730602411610 4.335153579711914 0
1730602411736 4.082821846008301 0
1730602411852 4.196004390716553 0
1730602411972 4.513841152191162 0
1730602412124 4.303605556488037 0
1730602412245 4.195319652557373 0
1730602412362 4.463798522949219 0
1730602412649 4.31174373626709 0
1730602412763 4.145187854766846 0
1730602412878 4.210982322692871 0
1730602412996 4.159992218017578 0
1730602413113 4.203919887542725 0
1730602413242 4.310489654541016 0
1730602413362 4.183627128601074 0
1730602413490 4.174256324768066 0
1730602413807 4.250229835510254 0
1730602413926 4.410433769226074 0
1730602414039 4.223206520080566 0
1730602414151 4.103228569030762 0
1730602414271 4.389009952545166 0
1730602414394 4.470749378204346 0
1730602414517 4.233613014221191 0
1730602414629 4.205506324768066 0
1730602414742 4.38590669631958 0
1730602414854 4.077432155609131 0
1730602414966 4.195096015930176 0
1730602415079 4.099980354309082 0
1730602415192 4.181694030761719 0
1730602415305 4.220208168029785 0
1730602415420 4.2170491218566895 0
1730602415543 4.124841690063477 0
1730602415656 4.258845806121826 0
1730602415778 4.209383010864258 0
1730602415891 4.334460258483887 0
1730602416004 4.23433780670166 0
1730602416117 4.355156898498535 0
1730602416229 4.415503978729248 0
1730602416341 4.077895641326904 0
1730602416456 4.217708587646484 0
1730602416576 4.327818870544434 0
1730602416691 4.125812530517578 0
1730602416804 4.268956184387207 0
1730602416916 4.31165075302124 0
1730602417197 4.1347336769104 0
1730602417310 4.0926194190979 0
1730602417422 4.2420830726623535 0
1730602417545 4.099531650543213 0
1730602417828 4.167174339294434 0
1730602417958 4.38732385635376 0
1730602418098 4.3394775390625 0
1730602418215 4.441011428833008 0
1730602418329 4.24631404876709 0
1730602418442 4.245002746582031 0
1730602418559 4.235133171081543 0
1730602418675 4.098506450653076 0
1730602418800 4.136794090270996 0
1730602418917 4.182790279388428 0
1730602419039 4.05131721496582 0
1730602419152 4.686994552612305 0
1730602419264 4.068538188934326 0
1730602419390 4.304876327514648 0
1730602419507 4.409997463226318 0
1730602419622 4.181159496307373 0
1730602419735 4.141512393951416 0
1730602419850 4.314774990081787 0
1730602419967 4.337183475494385 0
1730602420084 4.304535388946533 0
1730602420199 4.171056270599365 0
1730602420316 4.144229888916016 0
1730602420431 4.173495292663574 0
1730602420547 4.379887104034424 0
1730602420662 4.353740215301514 0
1730602420776 4.221655368804932 0
1730602421120 4.180028438568115 0
1730602421234 4.298903465270996 0
1730602421350 4.204348087310791 0
1730602421468 4.3093132972717285 0
1730602421584 4.2833967208862305 0
1730602421708 4.128746032714844 0
1730602421827 4.379314422607422 0
1730602421941 4.197266101837158 0
1730602422056 4.418346405029297 0
1730602422184 4.26060676574707 0
1730602422302 4.415409564971924 0
1730602422415 4.275818347930908 0
1730602422534 4.202023506164551 0
1730602422651 4.174689769744873 0
1730602422769 4.172934532165527 0
1730602422897 4.246138572692871 0
1730602423014 4.330927848815918 0
1730602423139 4.163619518280029 0
1730602423258 4.120446681976318 0
1730602423391 4.500977516174316 0
1730602423524 4.1303277015686035 0
1730602423641 4.196780681610107 0
1730602423763 4.26060676574707 0
1730602423883 4.349648475646973 0
1730602423997 4.169989109039307 0
1730602424288 4.181728363037109 0
1730602424412 4.140077114105225 0
1730602424543 4.245546340942383 0
1730602424655 4.141879558563232 0
1730602424767 4.299359321594238 0
1730602424886 4.275932788848877 0
1730602425004 4.232133388519287 0
1730602425138 4.223324775695801 0
1730602425251 4.219803810119629 0
1730602425365 4.173398971557617 0
1730602425498 4.322084903717041 0
1730602425632 4.327899932861328 0
1730602425759 4.355760097503662 0
1730602425890 4.399983882904053 0
1730602426014 4.347328186035156 0
1730602426147 4.367942810058594 0
1730602426264 4.346220970153809 0
1730602426381 4.167506694793701 0
1730602426497 4.146130561828613 0
1730602426609 4.138569355010986 0
1730602426723 4.298892021179199 0
1730602426838 4.263615131378174 0
1730602426950 4.160300254821777 0
1730602427062 4.2961015701293945 0
1730602427177 4.475897789001465 0
1730602427291 4.267612934112549 0
1730602427406 4.232977390289307 0
1730602427522 4.226476669311523 0
1730602427639 4.216727256774902 0
1730602427769 4.434652805328369 0
1730602427892 4.162040710449219 0
1730602428009 4.198222637176514 0
1730602428124 4.1631951332092285 0
1730602428239 4.331954479217529 0
1730602428372 4.240640640258789 0
1730602428500 4.266891002655029 0
1730602428613 4.41449499130249 0
1730602428727 4.259885787963867 0
1730602428841 4.208265781402588 0
1730602428955 4.206265926361084 0
1730602429069 4.31389045715332 0
1730602429182 4.20797061920166 0
1730602429295 4.291621685028076 0
1730602429409 4.197052001953125 0
1730602429524 4.217918872833252 0
1730602429637 4.139826774597168 0
1730602429749 4.276978015899658 0
1730602429862 4.226767063140869 0
1730602429984 4.17656946182251 0
1730602430121 4.199811935424805 0
1730602430234 4.255399703979492 0
1730602430390 4.298794746398926 0
1730602430712 4.23026704788208 0
1730602430826 4.187999725341797 0
1730602430940 4.21706485748291 0
1730602431056 4.220248222351074 0
1730602431170 4.175817966461182 0
1730602431282 4.299594402313232 0
1730602431396 4.171485424041748 0
1730602431509 4.434769153594971 0
1730602431623 4.424516201019287 0
1730602431735 4.189875602722168 0
1730602431848 4.162981986999512 0
1730602431961 4.125607967376709 0
1730602432084 4.169277667999268 0
1730602432199 4.21093225479126 0
1730602432320 4.226258277893066 0
1730602432437 4.139938831329346 0
1730602432550 4.176735877990723 0
1730602432663 4.166538238525391 0
1730602432777 4.214654922485352 0
1730602432891 4.264459609985352 0
1730602433006 4.106098651885986 0
1730602433123 4.220748424530029 0
1730602433237 4.219253063201904 0
1730602433420 4.148087024688721 0
1730602433538 4.22688627243042 0
1730602433657 4.416415691375732 0
1730602433770 4.070874214172363 0
1730602433883 4.414597511291504 0
1730602433997 4.060113430023193 0
1730602434124 4.1747307777404785 0
1730602434237 4.4064040184021 0
1730602434349 4.332668304443359 0
1730602434465 4.510452747344971 0
1730602434592 4.117952346801758 0
1730602434707 4.3195271492004395 0
1730602435036 4.280887603759766 0
1730602435148 4.148085117340088 0
1730602435428 4.216704368591309 0
1730602435541 4.181265354156494 0
1730602435654 4.14390230178833 0
1730602435766 4.50015926361084 0
1730602435879 4.386056423187256 0
1730602435992 4.2963666915893555 0
1730602436104 4.310171604156494 0
1730602436215 4.472232341766357 0
1730602436328 4.180516242980957 0
1730602436441 4.548551559448242 0
1730602436556 4.1243181228637695 0
1730602436670 4.28079080581665 0
1730602436812 4.219015121459961 0
1730602436934 4.206603050231934 0
1730602437050 4.198487758636475 0
1730602437165 4.205120086669922 0
1730602437279 4.171696662902832 0
1730602437393 4.117816925048828 0
1730602437505 4.392850399017334 0
1730602437617 4.1738128662109375 0
1730602437730 4.40134859085083 0
1730602437843 4.239646911621094 0
1730602437956 4.39103364944458 0
1730602438070 4.30586051940918 0
1730602438184 4.262057781219482 0
1730602438296 4.309785842895508 0
1730602438409 4.111908435821533 0
1730602438522 4.1984758377075195 0
1730602438635 4.271368503570557 0
1730602438747 4.267081260681152 0
1730602438860 4.207139015197754 0
1730602438979 4.302067756652832 0
1730602439134 4.159748077392578 0
1730602439248 4.27993106842041 0
1730602439361 4.2047648429870605 0
1730602439476 4.102350234985352 0
1730602439590 4.1839399337768555 0
1730602439704 4.242321014404297 0
1730602439817 4.193105697631836 0
1730602439931 4.206811904907227 0
1730602440046 4.185219764709473 0
1730602440161 4.441424369812012 0
1730602440275 4.185264587402344 0
1730602440389 4.398714542388916 0
1730602440501 4.2872700691223145 0
1730602440614 4.241384506225586 0
1730602440728 4.163465976715088 0
1730602440843 4.089511394500732 0
1730602440974 4.31677770614624 0
1730602441120 4.286421775817871 0
1730602441242 4.280359268188477 0
1730602441383 4.134462356567383 0
1730602441501 4.284808158874512 0
1730602441614 4.102385997772217 0
1730602441729 4.130205154418945 0
1730602441842 4.144960880279541 0
1730602441956 4.281302452087402 0
1730602442081 4.226129055023193 0
1730602442195 4.11264181137085 0
1730602442309 4.398930549621582 0
1730602442423 4.12954568862915 0
1730602442535 4.241405963897705 0
1730602442647 4.138449192047119 0
1730602442762 4.264693737030029 0
1730602442879 4.334476470947266 0
1730602443026 4.424432754516602 0
1730602443142 4.140349864959717 0
1730602443262 4.495416641235352 0
1730602443398 4.21187162399292 0
1730602443520 4.266762733459473 0
1730602443654 4.257053852081299 0
1730602443773 4.179159641265869 0
1730602443896 4.227046012878418 0
1730602444013 4.260983467102051 0
1730602444129 4.465215682983398 0
1730602444242 4.171081066131592 0
1730602444355 4.091818809509277 0
1730602444469 4.0763044357299805 0
1730602444581 4.224542617797852 0
1730602444694 4.1046833992004395 0
1730602444807 4.361713409423828 0
1730602444921 4.214503288269043 0
1730602445039 4.365570545196533 0
1730602445167 4.333366870880127 0
1730602445279 4.06174373626709 0
1730602445393 4.19130802154541 0
1730602445507 4.103814601898193 0
1730602445620 4.346286773681641 0
1730602445736 4.241811275482178 0
1730602445861 4.449225902557373 0
1730602445993 4.147979736328125 0
1730602446160 4.19904899597168 0
1730602446364 4.265300273895264 0
1730602446481 4.183686256408691 0
1730602446595 4.398894786834717 0
1730602446711 4.136699199676514 0
1730602446825 4.191040992736816 0
1730602446938 4.107334613800049 0
1730602447051 4.275574684143066 0
1730602447163 4.182726860046387 0
1730602447276 4.025244235992432 0
1730602447389 4.07184362411499 0
1730602447500 4.414984226226807 0
1730602447625 4.317256450653076 0
1730602447739 4.286212921142578 0
1730602447851 4.393640518188477 0
1730602447995 4.235081672668457 0
1730602448178 4.289863109588623 0
1730602448301 4.416177272796631 0
1730602448417 4.225468635559082 0
1730602448558 4.201502323150635 0
1730602448677 4.127594470977783 0
1730602448866 4.112563610076904 0
1730602449076 4.5634965896606445 0
1730602449416 4.315037250518799 0
1730602449633 4.477431774139404 0
1730602449821 4.139711856842041 0
1730602450153 4.3343658447265625 0
1730602450456 4.283681869506836 0
1730602450634 4.217530250549316 0
1730602450857 4.355738639831543 0
1730602451201 4.196521759033203 0
1730602451508 4.2217116355896 0
1730602451953 4.341054439544678 0
1730602452432 4.172835826873779 0
1730602452922 4.334408760070801 0
1730602453315 4.391081809997559 0
1730602453618 4.387880325317383 0
1730602454009 4.295057773590088 0
1730602454247 4.288516998291016 0
1730602454545 4.217226505279541 0
1730602454750 4.27256965637207 0
1730602454878 4.211883544921875 0
1730602455003 4.167963027954102 0
1730602455359 4.465756893157959 0
1730602455502 4.362700939178467 0
1730602455669 4.254858493804932 0
1730602455835 4.1848225593566895 0
1730602455970 4.185171127319336 0
1730602456156 4.220956325531006 0
1730602456356 4.200376033782959 0
1730602456546 4.1830902099609375 0
1730602456769 4.096840858459473 0
1730602457097 4.168572425842285 0
1730602457241 4.1663594245910645 0
1730602457359 4.29138708114624 0
1730602457476 4.111584663391113 0
1730602457594 4.396817207336426 0
1730602457936 4.394138336181641 0
1730602458079 4.147274494171143 0
1730602458247 4.346549034118652 0
1730602458434 4.176381587982178 0
1730602458583 4.247674942016602 0
1730602458730 4.311118125915527 0
1730602458877 4.219468593597412 0
1730602459017 4.220522880554199 0
1730602459162 4.214931011199951 0
1730602459305 4.405610084533691 0
1730602459450 4.249192237854004 0
1730602459593 4.350949287414551 0
1730602460016 4.140439510345459 0
1730602460477 4.317721366882324 0
1730602460770 4.1540021896362305 0
1730602460996 4.311967849731445 0
1730602461215 4.222641468048096 0
1730602461376 4.31063175201416 0
1730602461532 4.141460418701172 0
1730602461651 4.268619537353516 0
1730602461765 4.411129951477051 0
1730602461883 4.230714797973633 0
1730602461998 4.3538103103637695 0
1730602462250 4.1876020431518555 0
1730602462561 4.121917724609375 0
1730602462820 4.129577159881592 0
1730602463338 4.210517406463623 0
1730602463460 4.290838718414307 0
1730602463585 4.202360153198242 0
1730602463929 4.148650169372559 0
1730602464103 4.175783157348633 0
1730602464319 4.204211711883545 0
1730602464508 4.293154239654541 0
1730602464691 4.213143348693848 0
1730602464917 4.307277202606201 0
1730602465073 4.1912736892700195 0
1730602465290 4.326640605926514 0
1730602465867 4.177844524383545 0
1730602466199 4.321817874908447 0
1730602466392 4.208258628845215 0
1730602466532 4.333462715148926 0
1730602466692 4.325244903564453 0
1730602466847 4.161447525024414 0
1730602466971 4.373539924621582 0
1730602467116 4.156218528747559 0
1730602467272 4.195130348205566 0
1730602467431 4.1894378662109375 0
1730602467587 4.149256229400635 0
1730602467752 4.218454360961914 0
1730602467938 4.217174530029297 0
1730602468363 4.291873931884766 0
1730602468710 4.287858963012695 0
1730602468986 4.303763389587402 0
1730602469268 4.122725963592529 0
1730602469521 4.325677871704102 0
1730602469642 4.1725873947143555 0
1730602469784 4.212899684906006 0
1730602469928 4.191215515136719 0
1730602470070 4.331667423248291 0
1730602470224 4.236171722412109 0
1730602470422 4.302799224853516 0
1730602470591 4.114993572235107 0
1730602470748 4.225357532501221 0
1730602470866 4.257940292358398 0
1730602470979 4.229365348815918 0
1730602471106 4.128313064575195 0
1730602471224 4.1669487953186035 0
1730602471344 4.177584171295166 0
1730602471459 4.203319072723389 0
1730602471572 4.172300338745117 0
1730602471685 4.329517841339111 0
1730602471798 4.4074249267578125 0
1730602472088 4.202220439910889 0
1730602472200 4.178037643432617 0
1730602472313 4.266835689544678 0
1730602472427 4.1231584548950195 0
1730602472574 4.1799445152282715 0
1730602472723 4.286409378051758 0
1730602472870 4.105883598327637 0
1730602473004 4.255285263061523 0
1730602473138 4.306649684906006 0
1730602473270 4.5013861656188965 0
1730602473420 4.333274841308594 0
1730602473585 4.390767574310303 0
1730602473773 4.386534690856934 0
1730602473945 4.1870622634887695 0
1730602474122 4.496666431427002 0
1730602474371 4.201772689819336 0
1730602474537 4.282262802124023 0
1730602474735 4.190556049346924 0
1730602474889 4.1820502281188965 0
1730602475004 4.256118297576904 0
1730602475122 4.321930408477783 0
1730602475236 4.24852991104126 0
1730602475351 4.386307239532471 0
1730602475467 4.12201452255249 0
1730602475580 4.423759937286377 0
1730602475692 4.244978427886963 0
1730602475806 4.446134567260742 0
1730602475921 4.189436912536621 0
1730602476042 4.179671287536621 0
1730602476161 4.434830188751221 0
1730602476273 4.177332401275635 0
1730602476385 4.154557704925537 0
1730602476499 4.138160228729248 0
1730602476613 4.2248430252075195 0
1730602476727 4.163469314575195 0
1730602477014 4.272968769073486 0
1730602477126 4.32281494140625 0
1730602477238 4.22454833984375 0
1730602477351 4.167015552520752 0
1730602477465 4.213882923126221 0
1730602477580 4.187647342681885 0
1730602477693 4.172658443450928 0
1730602477806 4.285773754119873 0
1730602477918 4.291891574859619 0
1730602478039 4.216917514801025 0
1730602478237 4.245095252990723 0
1730602478356 4.142800807952881 0
1730602478473 4.206180572509766 0
1730602478585 4.215757846832275 0
1730602478699 4.157140254974365 0
1730602478812 4.146060943603516 0
1730602478928 4.186799049377441 0
1730602479046 4.306796073913574 0
1730602479161 4.21282958984375 0
1730602479276 4.150691032409668 0
1730602479391 4.206099033355713 0
1730602479505 4.31806755065918 0
1730602479621 4.246401309967041 0
1730602479738 4.288519382476807 0
1730602479852 4.146611213684082 0
1730602479968 4.255640506744385 0
1730602480085 4.332250118255615 0
1730602480197 4.230782985687256 0
1730602480311 4.190649509429932 0
1730602480425 4.302326679229736 0
1730602480548 4.133200168609619 0
1730602480668 4.272098541259766 0
1730602480781 4.184027194976807 0
1730602480895 4.154299259185791 0
1730602481010 4.27673864364624 0
1730602481134 4.148849010467529 0
1730602481245 4.108818531036377 0
1730602481359 4.17099666595459 0
1730602481474 4.2782511711120605 0
1730602481586 4.403354167938232 0
1730602481711 4.123183727264404 0
1730602481834 4.242964744567871 0
1730602481947 4.2410569190979 0
1730602482061 4.176951885223389 0
1730602482174 4.213068962097168 0
1730602482289 4.130859851837158 0
1730602482401 4.245635986328125 0
1730602482690 4.272432804107666 0
1730602482989 4.148346424102783 0
1730602483106 4.18853759765625 0
1730602483436 4.194530963897705 0
1730602483551 4.267853736877441 0
1730602483663 4.232331275939941 0
1730602483777 4.235880374908447 0
1730602483910 4.18366003036499 0
1730602484028 4.253904819488525 0
1730602484145 4.128897666931152 0
1730602484260 4.225340843200684 0
1730602484400 4.258935928344727 0
1730602484569 4.2245893478393555 0
1730602484733 4.143520355224609 0
1730602484855 4.226651191711426 0
1730602484971 4.210617542266846 0
1730602485109 4.172358989715576 0
1730602485230 4.13886022567749 0
1730602485344 4.135870933532715 0
1730602485457 4.3447041511535645 0
1730602485570 4.252752780914307 0
1730602485683 4.388408660888672 0
1730602485795 4.130339622497559 0
1730602485910 4.117603778839111 0
1730602486022 4.166178226470947 0
1730602486137 4.232264995574951 0
1730602486247 4.333868026733398 0
1730602486360 4.106479167938232 0
1730602486474 4.3216633796691895 0
1730602486587 4.417097091674805 0
1730602486701 4.188925743103027 0
1730602486812 4.224276542663574 0
1730602486926 4.302212715148926 0
1730602487040 4.259693622589111 0
1730602487153 4.334605693817139 0
1730602487275 4.331716060638428 0
1730602487402 4.40048885345459 0
1730602487516 4.286583423614502 0
1730602487629 4.2170257568359375 0
1730602487743 4.232845783233643 0
1730602487856 4.233514308929443 0
1730602487969 4.222343921661377 0
1730602488080 4.192043304443359 0
1730602488193 4.30251407623291 0
1730602488307 4.301167011260986 0
1730602488421 4.216482162475586 0
1730602488534 4.215947151184082 0
1730602488647 4.164087295532227 0
1730602488760 4.14710807800293 0
1730602488873 4.365371227264404 0
1730602488986 4.295699119567871 0
1730602489111 4.10696268081665 0
1730602489224 4.141171932220459 0
1730602489335 4.150503158569336 0
1730602489452 4.22095251083374 0
1730602489569 4.179629325866699 0
1730602489684 4.27114725112915 0
1730602489796 4.307149410247803 0
1730602489908 4.1754069328308105 0
1730602490022 4.313225746154785 0
1730602490195 4.194429397583008 0
1730602490329 4.192342758178711 0
1730602490441 4.315046310424805 0
1730602490594 4.353651523590088 0
1730602490765 4.262836456298828 0
1730602490884 4.301405429840088 0
1730602491000 4.150983810424805 0
1730602491115 4.236728668212891 0
1730602491241 4.419332981109619 0
1730602491359 4.173993110656738 0
1730602491477 4.292575359344482 0
1730602491826 4.149045944213867 0
1730602491941 4.235166072845459 0
