1730605111601 0.027989821508526802 0
1730605144039 0.027989821508526802 0
1730605349442 0.0330788791179657 0
1730605373629 0.03371501341462135 0
1730605398538 0.031552162021398544 0
1730605428302 0.032654792070388794 0
1730605465678 0.030534351244568825 0
1730605502923 0.030216284096240997 0
1730605536813 0.029968900606036186 0
1730605570538 0.029770992696285248 0
1730605599935 0.03169095516204834 0
1730605629117 0.030534351244568825 0
1730605662152 0.031121550127863884 0
1730605692320 0.030897855758666992 0
1730605725818 0.030364716425538063 0
1730605759509 0.030216284096240997 0
1730605790123 0.02993563748896122 0
1730605822088 0.030534351244568825 0
1730605849768 0.03026650659739971 0
1730605876288 0.029770992696285248 0
1730605903794 0.029565006494522095 0
1730605933595 0.028799444437026978 0
1730605965911 0.028211085125803947 0
1730605996735 0.027671756222844124 0
1730606026175 0.027786260470747948 0
1730606056514 0.026913290843367577 0
1730606089340 0.026293469592928886 0
1730606121690 0.026354053989052773 0
1730606152342 0.026410458609461784 0
1730606183175 0.026208652183413506 0
1730606213374 0.026019863784313202 0
1730606243131 0.025763358920812607 0
1730606272689 0.025599505752325058 0
1730606298938 0.025894327089190483 0
1730606322270 0.025954198092222214 0
1730606345339 0.026010744273662567 0
1730606368598 0.025857919827103615 0
1730606391688 0.025713138282299042 0
1730606414813 0.026032492518424988 0
1730606441874 0.026399491354823112 0
1730606472239 0.026500340551137924 0
1730606502291 0.026475220918655396 0
1730606532577 0.02627374418079853 0
1730606562868 0.026486236602067947 0
1730606594841 0.02635001391172409 0
1730606625500 0.026053767651319504 0
1730606655871 0.026311514899134636 0
1730606685317 0.02618744783103466 0
1730606715938 0.026120372116565704 0
1730606748917 0.026005089282989502 0
1730606782826 0.025794541463255882 0
1730606818324 0.02568995952606201 0
1730606851770 0.02587738260626793 0
1730606882951 0.025869380682706833 0
1730606914246 0.025815406814217567 0
1730606945983 0.025990549474954605 0
1730606977562 0.025980982929468155 0
1730607009011 0.02579626254737377 0
1730607040885 0.025962824001908302 0
1730607072570 0.025996606796979904 0
1730607103746 0.02623785100877285 0
1730607135805 0.026266109198331833 0
1730607167943 0.026172300800681114 0
1730607199201 0.026160942390561104 0
1730607230711 0.02626737207174301 0
1730607261854 0.02633202262222767 0
1730607294388 0.026394743472337723 0
1730607326422 0.026418201625347137 0
1730607357379 0.02633034624159336 0
1730607388616 0.02628135308623314 0
1730607420149 0.02616206184029579 0
1730607451322 0.026258127763867378 0
1730607482002 0.02614242397248745 0
1730607515409 0.026098618283867836 0
1730607546868 0.026123832911252975 0
1730607577765 0.026081424206495285 0
1730607608787 0.02620534598827362 0
1730607640014 0.026293469592928886 0
1730607671128 0.026540406048297882 0
1730607703167 0.026463104411959648 0
1730607730383 0.026450539007782936 0
1730607754035 0.026314156129956245 0
1730607777460 0.02621171623468399 0
1730607801277 0.026202592998743057 0
1730607824766 0.026163747534155846 0
1730607848029 0.025948280468583107 0
1730607871544 0.026030242443084717 0
1730607894941 0.02602359466254711 0
1730607918389 0.0259885061532259 0
1730607941665 0.025925925001502037 0
1730607964943 0.026004530489444733 0
1730607988210 0.026081424206495285 0
1730608011549 0.026184026151895523 0
1730608036290 0.026149097830057144 0
1730608057746 0.026034552603960037 0
1730608079284 0.025948897004127502 0
1730608100783 0.026022402569651604 0
1730608122265 0.026120372116565704 0
1730608143761 0.026139255613088608 0
1730608165348 0.02605598047375679 0
