1730605111589 4.321044445037842 0
1730605143985 4.267142295837402 0
1730605349136 4.250481605529785 0
1730605373617 4.2408270835876465 0
1730605398526 4.26155424118042 0
1730605428289 4.243129253387451 0
1730605465660 4.245041847229004 0
1730605502908 4.243346214294434 0
1730605536797 4.2563347816467285 0
1730605570523 4.267877101898193 0
1730605599899 4.221396446228027 0
1730605629102 4.250069618225098 0
1730605662140 4.248219966888428 0
1730605692303 4.236686706542969 0
1730605725804 4.2477498054504395 0
1730605759491 4.258895397186279 0
1730605790108 4.242287635803223 0
1730605822073 4.248405456542969 0
1730605849752 4.249515533447266 0
1730605876273 4.263176918029785 0
1730605903780 4.250443458557129 0
1730605933582 4.243307113647461 0
1730605965895 4.257192611694336 0
1730605996721 4.245763301849365 0
1730606026160 4.248722553253174 0
1730606056502 4.257558822631836 0
1730606089328 4.263965606689453 0
1730606121674 4.240664958953857 0
1730606152327 4.255112171173096 0
1730606183159 4.240596771240234 0
1730606213359 4.233628273010254 0
1730606243115 4.252303600311279 0
1730606272674 4.257300853729248 0
1730606298926 4.2395548820495605 0
1730606322258 4.244621753692627 0
1730606345327 4.255536079406738 0
1730606368586 4.252972602844238 0
1730606391676 4.254472732543945 0
1730606414801 4.25272274017334 0
1730606441858 4.238935947418213 0
1730606472225 4.246678352355957 0
1730606502276 4.263594627380371 0
1730606532563 4.241390705108643 0
1730606562855 4.249304294586182 0
1730606594826 4.257646560668945 0
1730606625486 4.253352165222168 0
1730606655855 4.2455220222473145 0
1730606685301 4.248653888702393 0
1730606715924 4.236358642578125 0
1730606748895 4.26254415512085 0
1730606782811 4.248958587646484 0
1730606818310 4.25689697265625 0
1730606851756 4.254954814910889 0
1730606882936 4.236833095550537 0
1730606914230 4.257017135620117 0
1730606945968 4.242103576660156 0
1730606977546 4.25735330581665 0
1730607008997 4.253698348999023 0
1730607040871 4.240386009216309 0
1730607072553 4.257109642028809 0
1730607103732 4.241028785705566 0
1730607135789 4.240185737609863 0
1730607167928 4.261922359466553 0
1730607199185 4.25111722946167 0
1730607230693 4.249402046203613 0
1730607261838 4.260282039642334 0
1730607294371 4.243760585784912 0
1730607326405 4.235199928283691 0
1730607357360 4.2610368728637695 0
1730607388599 4.254495143890381 0
1730607420126 4.2481489181518555 0
1730607451305 4.259455680847168 0
1730607481988 4.249118804931641 0
1730607515394 4.25186824798584 0
1730607546851 4.252684116363525 0
1730607577750 4.247018337249756 0
1730607608771 4.248809814453125 0
1730607640000 4.231256484985352 0
1730607671112 4.233463287353516 0
1730607703152 4.249833583831787 0
1730607730371 4.259678840637207 0
1730607754024 4.255618572235107 0
1730607777448 4.255967140197754 0
1730607801265 4.24570369720459 0
1730607824753 4.240304470062256 0
1730607848017 4.260396957397461 0
1730607871532 4.23444128036499 0
1730607894930 4.245969295501709 0
1730607918377 4.244122505187988 0
1730607941652 4.241570949554443 0
1730607964931 4.241795063018799 0
1730607988198 4.240408420562744 0
1730608011537 4.240486145019531 0
1730608036279 4.272340774536133 0
1730608057735 4.252923488616943 0
1730608079273 4.247811317443848 0
1730608100772 4.251555919647217 0
1730608122254 4.2335524559021 0
1730608143750 4.251348495483398 0
1730608165337 4.251035690307617 0
