1730569034203 4.22694730758667 0
1730569034320 4.226271629333496 0
1730569034620 4.2510833740234375 0
1730569034912 4.246860504150391 0
1730569035221 4.205471038818359 0
1730569035532 4.217183589935303 0
1730569035828 4.278552055358887 0
1730569036127 4.184573650360107 0
1730569036424 4.195454120635986 0
1730569036725 4.2181854248046875 0
1730569037021 4.277028560638428 0
1730569037499 4.266757011413574 0
1730569037807 4.147766590118408 0
1730569038115 4.260657787322998 0
1730569038413 4.241977214813232 0
1730569038515 4.162029266357422 0
1730569038811 4.218726634979248 0
1730569039111 4.334794521331787 0
1730569039213 4.21093225479126 0
1730569039517 4.278963088989258 0
1730569039621 4.21557092666626 0
1730569039726 4.261260509490967 0
1730569040030 4.268835544586182 0
1730569040139 4.293120861053467 0
1730569040679 4.189083099365234 0
1730569040859 4.322145938873291 0
1730569041294 4.025088310241699 0
1730569041683 4.175498008728027 0
1730569041794 4.315761566162109 0
1730569041908 4.355924129486084 0
1730569042368 3.990046739578247 0
1730569042702 4.283438205718994 0
1730569043085 4.247199058532715 0
1730569043211 4.242940425872803 0
1730569043364 4.304006576538086 0
1730569043506 4.382177352905273 0
1730569043656 4.427009582519531 0
1730569043821 4.296621799468994 0
1730569043987 4.324036598205566 0
1730569044269 4.247616291046143 0
1730569044499 4.258977890014648 0
1730569045187 4.305395603179932 0
1730569045320 4.160348415374756 0
1730569045463 4.339321136474609 0
1730569045664 4.232556343078613 0
1730569046255 4.339433670043945 0
1730569046407 4.169084072113037 0
1730569046521 4.163534164428711 0
1730569046837 4.288536548614502 0
1730569047101 4.236683368682861 0
1730569047207 4.095629692077637 0
1730569047325 4.301641941070557 0
1730569047469 4.0661845207214355 0
1730569047608 4.193779468536377 0
1730569047737 4.206684589385986 0
1730569048221 4.269106864929199 0
1730569048394 4.276298522949219 0
1730569048545 4.252505779266357 0
1730569048665 4.264748573303223 0
1730569048776 4.170833587646484 0
1730569048876 4.384448528289795 0
1730569048977 4.233010768890381 0
1730569049511 4.014669418334961 0
1730569049774 4.315414905548096 0
1730569050000 4.261617183685303 0
1730569050146 4.147254943847656 0
1730569050258 4.254578590393066 0
1730569050367 4.3229498863220215 0
1730569050512 4.355838298797607 0
1730569050652 4.349977493286133 0
1730569050779 4.289455890655518 0
1730569050893 4.359046459197998 0
1730569051010 4.127058506011963 0
1730569051155 4.348787784576416 0
1730569051491 4.252768516540527 0
1730569051599 4.145910739898682 0
1730569051919 4.243068218231201 0
1730569052038 4.306007385253906 0
1730569052194 4.3366217613220215 0
1730569052347 4.248954772949219 0
1730569052462 4.166519641876221 0
1730569052564 4.165286064147949 0
1730569052668 4.2297797203063965 0
1730569052812 4.372385025024414 0
1730569052931 4.21470308303833 0
1730569053047 4.178053379058838 0
1730569053171 4.214512348175049 0
1730569053275 4.207818031311035 0
1730569053396 4.264347076416016 0
1730569053499 4.181967258453369 0
1730569053600 4.254335403442383 0
1730569053701 4.330653667449951 0
1730569053799 4.171917915344238 0
1730569053901 4.342041969299316 0
1730569054004 4.3872904777526855 0
1730569054195 4.089509963989258 0
1730569054376 4.207736968994141 0
1730569054688 4.165661334991455 0
1730569054785 4.135971546173096 0
1730569054884 4.043972015380859 0
1730569054986 4.340603828430176 0
1730569055088 4.1474480628967285 0
1730569055188 4.3010358810424805 0
1730569055287 4.261803150177002 0
1730569055391 3.983112096786499 0
1730569055490 4.215255260467529 0
1730569055592 4.207146167755127 0
1730569055694 3.908216953277588 0
1730569055795 4.238555908203125 0
1730569055902 4.153415679931641 0
1730569056004 4.285454750061035 0
1730569056135 4.169419765472412 0
1730569056262 4.117386341094971 0
1730569056364 3.5588269233703613 0
1730569056463 3.8380303382873535 0
1730569056569 3.8370885848999023 0
1730569056669 4.0162763595581055 0
1730569056775 3.734828472137451 0
1730569056883 4.33644962310791 0
1730569056982 4.809089660644531 0
1730569057082 6.996284008026123 0
1730569057181 3.803462505340576 0
1730569057277 5.542562484741211 0
1730569057375 5.857995986938477 0
1730569057472 4.531071662902832 0
1730569057570 4.6838698387146 0
1730569057670 4.371327877044678 0
1730569057774 4.794800758361816 0
1730569057878 4.079816818237305 0
1730569058188 3.9579668045043945 0
1730569058293 4.423319339752197 0
1730569058400 4.079092025756836 0
1730569058498 4.205436706542969 0
1730569058597 4.443425178527832 0
1730569058695 4.331480503082275 0
1730569058794 4.190722942352295 0
1730569058893 4.1059136390686035 0
1730569059003 4.1988420486450195 0
1730569059110 4.134592533111572 0
1730569059210 4.279618740081787 0
1730569059309 4.1741943359375 0
1730569059607 4.165256023406982 0
1730569059709 4.181028366088867 0
1730569059958 4.02636194229126 0
1730569060063 4.311306953430176 0
1730569060188 4.232180595397949 0
1730569060326 4.230030536651611 0
1730569060462 4.205915451049805 0
1730569060602 4.197153568267822 0
1730569060740 4.115213394165039 0
1730569060882 4.140298843383789 0
1730569061021 4.1735029220581055 0
1730569061160 4.497869491577148 0
1730569061363 4.284939289093018 0
1730569061505 4.102488040924072 0
1730569061643 4.065011024475098 0
1730569061757 4.4229736328125 0
1730569061861 4.441452503204346 0
1730569061961 4.249614715576172 0
1730569062122 4.181023120880127 0
1730569062300 4.361572742462158 0
1730569062894 4.273333549499512 0
1730569062999 4.341270446777344 0
1730569063104 4.102712631225586 0
1730569063206 4.3162994384765625 0
1730569063308 4.227533340454102 0
1730569063411 4.353855133056641 0
1730569063522 3.976297378540039 0
1730569063620 4.335376262664795 0
1730569063722 3.97472882270813 0
1730569063831 4.116358757019043 0
1730569063933 4.38189697265625 0
1730569064045 4.128341197967529 0
1730569064149 4.193514823913574 0
1730569064253 4.496027946472168 0
1730569064354 4.1285505294799805 0
1730569064498 4.337513446807861 0
1730569064647 4.054379940032959 0
1730569064790 4.030635833740234 0
1730569064909 4.528326511383057 0
1730569065076 4.310427665710449 0
1730569065230 4.305537700653076 0
1730569065382 4.135261535644531 0
1730569065508 4.0135273933410645 0
1730569065612 4.202610969543457 0
1730569065715 4.23859977722168 0
1730569065817 4.234111785888672 0
1730569065935 3.922928810119629 0
1730569066058 4.1721696853637695 0
1730569066250 4.162780284881592 0
1730569066433 3.8826775550842285 0
1730569066645 4.0739665031433105 0
1730569067040 4.24304723739624 0
1730569067174 4.2898783683776855 0
1730569067303 3.9456212520599365 0
1730569067414 4.378424644470215 0
1730569067601 4.402922630310059 0
1730569067709 4.189513206481934 0
1730569067834 4.1792192459106445 0
1730569067935 3.992877721786499 0
1730569068253 4.6568803787231445 0
1730569068368 3.8593008518218994 0
1730569068477 4.101053237915039 0
1730569068584 4.191636085510254 0
1730569068683 3.823946237564087 0
1730569068799 4.194188594818115 0
1730569068949 4.683094024658203 0
1730569069164 3.961347818374634 0
1730569069296 4.117274761199951 0
1730569069463 4.21869421005249 0
1730569069816 4.650510787963867 0
1730569069941 4.381522178649902 0
1730569070071 4.170751094818115 0
1730569070863 4.43900728225708 0
1730569071170 3.589961290359497 0
1730569071368 4.888265132904053 0
1730569071498 3.6982977390289307 0
1730569071629 4.260019779205322 0
1730569071766 3.916435718536377 0
1730569071897 3.8456618785858154 0
1730569072032 4.482426643371582 0
1730569072228 4.838898181915283 0
1730569072361 3.963683605194092 0
1730569072462 5.069511413574219 0
1730569072561 4.520290374755859 0
1730569072659 4.641152381896973 0
1730569072756 4.61549186706543 0
1730569072853 4.587323188781738 0
1730569072950 4.1204447746276855 0
1730569073050 4.1159491539001465 0
1730569073148 4.192334175109863 0
1730569073252 4.117198467254639 0
1730569073361 3.9713871479034424 0
1730569073460 4.152438640594482 0
1730569073558 4.0732293128967285 0
1730569073661 4.430342674255371 0
1730569073792 3.9873452186584473 0
1730569073930 4.449075698852539 0
1730569074072 4.029383182525635 0
1730569074177 4.389134407043457 0
1730569074276 4.342277526855469 0
1730569074580 4.257631778717041 0
1730569074677 4.2176642417907715 0
1730569074775 4.343015670776367 0
1730569074874 4.220040798187256 0
1730569074971 4.169339656829834 0
1730569075071 4.120388984680176 0
1730569075169 4.230712890625 0
1730569075267 4.152477264404297 0
1730569075402 4.161283016204834 0
1730569075561 4.098687171936035 0
1730569075677 4.135565757751465 0
1730569075776 4.314045429229736 0
1730569076199 3.9943454265594482 0
1730569076297 4.118603706359863 0
1730569076395 4.222512722015381 0
1730569076494 4.322607040405273 0
1730569076592 4.323502063751221 0
1730569076692 3.9680256843566895 0
1730569076790 4.297524929046631 0
1730569076889 3.99997615814209 0
1730569076986 4.383078098297119 0
1730569077086 3.9019017219543457 0
1730569077185 4.110872268676758 0
1730569077290 4.346536636352539 0
1730569077591 4.191588878631592 0
1730569077691 4.246432304382324 0
1730569077840 4.195866584777832 0
1730569078000 4.351698875427246 0
1730569078136 4.124187469482422 0
1730569078269 4.096823215484619 0
1730569078412 4.17876672744751 0
1730569078544 4.65365743637085 0
1730569078675 4.1252760887146 0
1730569078776 4.611911296844482 0
1730569078874 4.3025102615356445 0
1730569078972 4.310370445251465 0
1730569079125 4.31744384765625 0
1730569079289 4.162975311279297 0
1730569079443 4.159996032714844 0
1730569079585 4.384953498840332 0
1730569079704 4.068547248840332 0
1730569079828 3.986626386642456 0
1730569079982 4.128370761871338 0
1730569080124 4.140354156494141 0
1730569080229 4.176451206207275 0
1730569080327 3.9049620628356934 0
1730569080426 4.31035852432251 0
1730569080532 4.45337438583374 0
1730569080629 4.127176284790039 0
1730569080741 4.098122596740723 0
1730569080879 4.376191139221191 0
1730569081019 4.174493312835693 0
1730569081132 4.270264148712158 0
1730569081233 4.507144927978516 0
1730569081338 4.073899269104004 0
1730569081476 4.356775760650635 0
1730569081629 4.112950325012207 0
1730569081734 4.424543380737305 0
1730569081832 4.163780689239502 0
1730569081932 4.276437282562256 0
1730569082033 3.934903860092163 0
1730569082135 4.175001621246338 0
1730569082238 4.0714826583862305 0
1730569082354 4.553232669830322 0
1730569082622 4.546809673309326 0
1730569082720 4.153469085693359 0
1730569082819 4.312841415405273 0
1730569082918 4.433864116668701 0
1730569083015 4.15763521194458 0
1730569083117 4.439431190490723 0
1730569083216 4.351315975189209 0
1730569083314 4.1443939208984375 0
1730569083438 4.146193504333496 0
1730569083572 4.1491289138793945 0
1730569083709 4.233891487121582 0
1730569083838 4.215500354766846 0
1730569084114 4.071262836456299 0
1730569084237 4.261902332305908 0
1730569084362 3.9293406009674072 0
1730569084515 4.14267110824585 0
1730569084677 4.1410112380981445 0
1730569084823 4.101074695587158 0
1730569084951 4.25835657119751 0
1730569085085 4.155582427978516 0
1730569085213 4.00755500793457 0
1730569085555 4.064344882965088 0
1730569085881 4.290794372558594 0
1730569085980 4.504754543304443 0
1730569086157 3.956521511077881 0
1730569086422 4.654198169708252 0
1730569086647 4.191013336181641 0
1730569086832 4.185962677001953 0
1730569087269 3.9444758892059326 0
1730569087397 4.181562423706055 0
1730569087537 4.245389938354492 0
1730569087677 4.122279644012451 0
1730569087802 4.352196216583252 0
1730569087902 4.396406173706055 0
1730569088002 4.354087829589844 0
1730569088106 4.084771633148193 0
1730569088203 4.044341564178467 0
1730569088303 4.338397026062012 0
1730569088409 4.475625991821289 0
1730569088516 4.16309928894043 0
1730569088616 4.260331630706787 0
1730569088742 4.220573902130127 0
1730569088868 4.22739315032959 0
1730569088999 4.207950115203857 0
1730569089148 4.0579423904418945 0
1730569089250 4.14199161529541 0
1730569089397 4.5087432861328125 0
1730569089542 4.13367223739624 0
1730569089670 4.565776824951172 0
1730569089771 4.424604415893555 0
1730569089893 4.121218681335449 0
1730569090013 4.135130882263184 0
1730569090458 4.140714168548584 0
1730569090636 4.258208274841309 0
1730569090781 4.578993797302246 0
1730569090907 4.40714168548584 0
1730569091055 4.114475727081299 0
1730569091194 4.38366174697876 0
1730569091380 4.4147419929504395 0
1730569091816 4.376989841461182 0
1730569092221 4.277702331542969 0
1730569092380 4.101727485656738 0
1730569092512 4.204623699188232 0
1730569092657 4.75116491317749 0
1730569092800 4.153121471405029 0
1730569092960 4.3380208015441895 0
1730569093126 4.2503533363342285 0
1730569093262 4.296471118927002 0
1730569093363 4.294321060180664 0
1730569093465 4.188777923583984 0
1730569093567 4.375913619995117 0
1730569093666 4.621634006500244 0
1730569093763 4.408742904663086 0
1730569093859 4.202805519104004 0
1730569093961 4.241272449493408 0
1730569094111 4.218021869659424 0
1730569094262 4.265011310577393 0
1730569094459 4.203866004943848 0
1730569094613 4.4072957038879395 0
1730569094731 4.176077365875244 0
1730569094839 4.159499168395996 0
1730569094953 4.295528411865234 0
1730569095057 4.257798671722412 0
1730569095158 4.206470489501953 0
1730569095265 4.216357231140137 0
1730569095418 4.210244655609131 0
1730569095560 4.354050636291504 0
1730569095732 4.240946292877197 0
1730569095831 4.181187152862549 0
1730569095929 4.402035713195801 0
1730569096025 4.289305210113525 0
1730569096173 4.194394111633301 0
1730569096401 4.184685230255127 0
1730569096621 4.265161514282227 0
1730569096888 4.286081790924072 0
1730569097213 4.261131286621094 0
1730569097357 4.277730464935303 0
1730569097475 4.142423629760742 0
1730569097661 4.229663372039795 0
1730569097804 4.25181245803833 0
1730569097910 4.123382091522217 0
1730569098007 4.256467819213867 0
1730569098152 4.327303886413574 0
1730569098338 4.229381561279297 0
1730569098787 4.218737602233887 0
1730569099010 4.185265064239502 0
1730569099122 4.220482349395752 0
1730569099226 4.171632289886475 0
1730569099331 4.155874729156494 0
1730569099436 4.254536151885986 0
1730569099552 4.248361110687256 0
1730569099657 4.179792404174805 0
1730569099758 4.238805770874023 0
1730569099857 4.257031440734863 0
1730569099959 4.182710647583008 0
1730569100109 4.180035591125488 0
1730569100213 4.3740973472595215 0
1730569100326 4.296021461486816 0
1730569100429 4.219704627990723 0
1730569100534 4.381232261657715 0
1730569100654 4.202818393707275 0
1730569100757 4.270832538604736 0
1730569100855 4.171682834625244 0
1730569100959 4.165278434753418 0
1730569101070 4.25147819519043 0
1730569101227 4.204311370849609 0
1730569101325 4.14653205871582 0
1730569101427 4.213927268981934 0
1730569101536 4.342508792877197 0
1730569101641 4.134488582611084 0
1730569101740 4.380419731140137 0
1730569101839 4.223968982696533 0
1730569101939 4.222736358642578 0
1730569102043 4.142952919006348 0
1730569102159 4.264540195465088 0
1730569102267 4.138064384460449 0
1730569102406 4.360683441162109 0
1730569102542 4.222538471221924 0
1730569102680 4.201714992523193 0
1730569102792 4.221672534942627 0
1730569102897 4.2383317947387695 0
1730569102996 4.441806793212891 0
1730569103097 4.390900611877441 0
1730569103208 4.125699996948242 0
1730569103347 4.15268087387085 0
1730569103463 4.347738265991211 0
1730569103566 4.187153339385986 0
1730569103668 4.253835201263428 0
1730569103779 4.334361553192139 0
1730569103893 4.438617706298828 0
1730569103998 4.4001007080078125 0
1730569104159 4.2623820304870605 0
1730569104289 4.1393561363220215 0
1730569104429 4.3431267738342285 0
1730569104549 4.323959827423096 0
1730569104651 4.3210978507995605 0
1730569104765 4.203165054321289 0
1730569104862 4.205240726470947 0
1730569104967 4.200167655944824 0
1730569105072 4.226236343383789 0
1730569105459 4.291721343994141 0
1730569105565 4.197698593139648 0
1730569105710 4.156991004943848 0
1730569105845 4.322861194610596 0
1730569105953 4.159750461578369 0
1730569106138 4.159341335296631 0
1730569107106 4.149115085601807 0
1730569107303 4.230040073394775 0
1730569107440 4.2493767738342285 0
1730569107553 4.3092122077941895 0
1730569107656 4.389057636260986 0
1730569107799 4.142732620239258 0
1730569107922 4.110313892364502 0
1730569108050 4.199847221374512 0
1730569108158 4.1893134117126465 0
1730569108267 4.14951229095459 0
1730569108389 4.280378341674805 0
1730569108540 4.222949981689453 0
1730569108695 4.220139026641846 0
1730569108832 4.424651145935059 0
1730569108951 4.2968363761901855 0
1730569109058 4.176181316375732 0
1730569109167 4.267627716064453 0
1730569109304 4.181203842163086 0
1730569109429 4.291192054748535 0
1730569109535 4.141000270843506 0
1730569109636 4.372652530670166 0
1730569109742 4.221630573272705 0
1730569109846 4.174572944641113 0
1730569109948 4.202938079833984 0
1730569110050 4.260623455047607 0
1730569110156 4.195635795593262 0
1730569110257 4.231845855712891 0
1730569110361 4.166662216186523 0
1730569110468 4.156149387359619 0
1730569110570 4.112801551818848 0
1730569110677 4.204429626464844 0
1730569110787 4.142379283905029 0
1730569110897 4.225396156311035 0
1730569111001 4.235609531402588 0
1730569111111 4.191622734069824 0
1730569111212 4.271378517150879 0
1730569111312 4.235015392303467 0
1730569111413 4.307673454284668 0
1730569111524 4.1479620933532715 0
1730569111622 4.190830707550049 0
1730569111719 4.171517848968506 0
1730569111817 4.208498001098633 0
1730569111922 4.141000747680664 0
1730569112022 4.324168682098389 0
1730569112123 4.206792831420898 0
1730569112228 4.289949893951416 0
1730569112342 4.37584924697876 0
1730569112445 4.251467704772949 0
1730569112546 4.2671356201171875 0
1730569112646 4.203977108001709 0
1730569112743 4.2087554931640625 0
1730569112844 4.374001502990723 0
1730569112948 4.198318004608154 0
1730569113069 4.177215576171875 0
1730569113173 4.172119617462158 0
1730569113270 4.321632385253906 0
1730569113369 4.350287437438965 0
1730569113468 4.161304473876953 0
1730569113567 4.116137981414795 0
1730569113675 4.1899213790893555 0
1730569113777 4.154771327972412 0
1730569113883 4.279236316680908 0
1730569113989 4.3030524253845215 0
1730569114088 4.168465614318848 0
1730569114188 4.239527702331543 0
1730569114294 4.2953572273254395 0
1730569114393 4.349825382232666 0
1730569114493 4.245656967163086 0
1730569114591 4.084374904632568 0
1730569114688 4.154067039489746 0
1730569114789 4.236047744750977 0
1730569114892 4.312777996063232 0
1730569114997 4.2891974449157715 0
1730569115116 4.252197265625 0
1730569115235 4.156843662261963 0
1730569115393 4.332793712615967 0
1730569115519 4.3402910232543945 0
1730569115620 4.336912631988525 0
1730569115720 4.2828826904296875 0
1730569115822 4.172787189483643 0
1730569115942 4.1713056564331055 0
1730569116078 4.368222713470459 0
1730569116200 4.293869972229004 0
1730569116327 4.3646674156188965 0
1730569116431 4.180274963378906 0
1730569116530 4.284000873565674 0
1730569116628 4.208834648132324 0
1730569116728 4.3353071212768555 0
1730569116830 4.239705562591553 0
1730569117172 4.30201530456543 0
1730569117292 4.270313262939453 0
1730569117399 4.111566543579102 0
1730569117504 4.230714797973633 0
1730569117608 4.446134090423584 0
1730569117709 4.292242050170898 0
1730569117816 4.217291355133057 0
1730569117920 4.107672214508057 0
1730569118097 4.348570346832275 0
1730569118389 4.255496501922607 0
1730569118489 4.2410149574279785 0
1730569118588 4.212679862976074 0
1730569118685 4.242871284484863 0
1730569118784 4.211968421936035 0
1730569118884 4.2391767501831055 0
1730569118983 4.354335308074951 0
1730569119126 4.16408634185791 0
1730569119298 4.231554985046387 0
1730569119428 4.178211688995361 0
1730569119557 4.201539039611816 0
1730569119674 4.361367225646973 0
1730569119819 4.2256269454956055 0
1730569120153 4.153928756713867 0
1730569120299 4.246999740600586 0
1730569120407 4.176021575927734 0
1730569120524 4.322288513183594 0
1730569120674 4.241096019744873 0
1730569120794 4.215436935424805 0
1730569120989 4.167609214782715 0
1730569121128 4.337147235870361 0
1730569121274 4.291937828063965 0
1730569121477 4.2025299072265625 0
1730569121627 4.265337944030762 0
1730569121800 4.3174872398376465 0
1730569122107 4.330643177032471 0
1730569122219 4.29489278793335 0
1730569122318 4.215877056121826 0
1730569122431 4.2616143226623535 0
1730569122557 4.250308990478516 0
1730569122763 4.19304895401001 0
1730569122877 4.280826091766357 0
1730569122992 4.251852989196777 0
1730569123144 4.168927192687988 0
1730569123313 4.188009738922119 0
1730569123843 4.231769561767578 0
1730569124144 4.162110328674316 0
1730569124249 4.213097095489502 0
1730569124352 4.172004699707031 0
1730569124451 4.185762882232666 0
1730569124560 4.1494879722595215 0
1730569124658 4.231273174285889 0
1730569124774 4.291464328765869 0
1730569124873 4.1234130859375 0
1730569124974 4.3860344886779785 0
1730569125082 4.340338230133057 0
1730569125183 4.138945579528809 0
1730569125289 4.163456439971924 0
1730569125404 4.159304618835449 0
1730569125508 4.139204978942871 0
1730569125606 4.298240661621094 0
1730569125705 4.409789085388184 0
1730569125806 4.183175086975098 0
1730569125935 4.502981662750244 0
1730569126088 4.320362091064453 0
1730569126207 4.158845901489258 0
1730569126307 4.455195426940918 0
1730569126414 4.188889503479004 0
1730569126539 4.365980625152588 0
1730569126672 4.3104424476623535 0
1730569126802 4.114306926727295 0
1730569126932 4.256208419799805 0
1730569127064 4.13411283493042 0
1730569127204 4.275641441345215 0
1730569127478 4.205482482910156 0
1730569127580 4.2533721923828125 0
1730569127686 4.287564277648926 0
1730569127786 4.248849868774414 0
1730569127884 4.247832775115967 0
1730569127985 4.168972015380859 0
1730569128087 4.169876575469971 0
1730569128189 4.33995246887207 0
1730569128292 4.325166702270508 0
1730569128428 4.237121105194092 0
1730569128570 4.354228973388672 0
1730569128762 4.242134094238281 0
1730569128942 4.18715763092041 0
1730569129153 4.308900833129883 0
1730569129383 4.184096336364746 0
1730569129637 4.226688385009766 0
1730569129858 4.170217037200928 0
1730569130031 4.164064884185791 0
1730569130203 4.256994247436523 0
1730569130424 4.1500935554504395 0
1730569130543 4.301090717315674 0
1730569130647 4.197657108306885 0
1730569130750 4.1570587158203125 0
1730569130861 4.19921875 0
1730569130988 4.141917705535889 0
1730569131266 4.431821346282959 0
1730569131484 4.217881202697754 0
1730569131661 4.123226165771484 0
1730569131817 4.288910388946533 0
1730569131917 4.430996894836426 0
1730569132023 4.136812686920166 0
1730569132133 4.199082851409912 0
1730569132233 4.169250965118408 0
1730569132332 4.163296699523926 0
1730569132431 4.294654369354248 0
1730569132533 4.212220191955566 0
1730569132637 4.261105537414551 0
1730569132741 4.218199729919434 0
1730569132843 4.215524196624756 0
1730569132966 4.253933429718018 0
1730569133097 4.119327068328857 0
1730569133225 4.281871795654297 0
1730569133343 4.167387962341309 0
1730569133467 4.206424713134766 0
1730569133588 4.128624439239502 0
1730569133732 4.1759796142578125 0
1730569133869 4.198750019073486 0
1730569134010 4.222290515899658 0
1730569134159 4.182284832000732 0
1730569134296 4.226444244384766 0
1730569134411 4.187175273895264 0
1730569134513 4.136051654815674 0
1730569134620 4.357781410217285 0
1730569134723 4.144801616668701 0
1730569134824 4.411808490753174 0
1730569134930 4.090473175048828 0
1730569135045 4.144595623016357 0
1730569135157 4.262502670288086 0
1730569135267 4.179201126098633 0
1730569135367 4.232054710388184 0
1730569135466 4.141801834106445 0
1730569135566 4.266036510467529 0
1730569135664 4.365510940551758 0
1730569135764 4.241316795349121 0
1730569135862 4.098377227783203 0
1730569135961 4.117131233215332 0
1730569136063 4.264434814453125 0
1730569136161 4.403974533081055 0
1730569136262 4.0647149085998535 0
1730569136370 4.191721439361572 0
1730569136474 4.444591522216797 0
1730569136585 4.08215856552124 0
1730569136696 4.249482154846191 0
1730569136796 4.07134485244751 0
1730569136894 4.13212776184082 0
1730569136993 4.891045570373535 0
1730569137107 4.14262056350708 0
1730569137205 4.072774410247803 0
1730569137303 4.092979907989502 0
1730569137402 4.337799072265625 0
1730569137509 4.4420576095581055 0
1730569137607 4.332089900970459 0
1730569137720 4.119602203369141 0
1730569137834 4.137540340423584 0
1730569137937 4.120788097381592 0
1730569138040 4.260034084320068 0
1730569138146 4.254116535186768 0
1730569138273 4.3101887702941895 0
1730569138397 4.174892902374268 0
1730569138526 4.30954647064209 0
1730569138643 4.34527587890625 0
1730569138972 4.056310653686523 0
1730569139150 4.2729644775390625 0
1730569139280 4.162062168121338 0
1730569139408 4.515740394592285 0
1730569139540 4.313469886779785 0
1730569139680 4.043713569641113 0
1730569139805 4.098265647888184 0
1730569139909 4.211658477783203 0
1730569140012 4.4325175285339355 0
1730569140134 4.054921627044678 0
1730569140244 4.1883320808410645 0
1730569140353 4.051140308380127 0
1730569140476 4.084199905395508 0
1730569140588 4.116792678833008 0
1730569140688 4.122941493988037 0
1730569140793 4.092828750610352 0
1730569140923 4.156278610229492 0
1730569141030 4.196649074554443 0
1730569141144 4.076675891876221 0
1730569141311 4.133195877075195 0
1730569141474 4.856306076049805 0
1730569141603 3.993969202041626 0
1730569141743 4.279725074768066 0
1730569141938 4.390726089477539 0
1730569142085 4.509174823760986 0
1730569142229 4.174472808837891 0
1730569142362 4.073765277862549 0
1730569142473 4.51009464263916 0
1730569142592 4.363452434539795 0
1730569142703 4.029127597808838 0
1730569142804 4.02701473236084 0
1730569142910 4.427110195159912 0
1730569143012 4.327241897583008 0
1730569143150 4.345582962036133 0
1730569143343 4.396823883056641 0
1730569143568 4.331465721130371 0
1730569143893 4.208233833312988 0
1730569144212 4.294309139251709 0
1730569144346 4.044870376586914 0
1730569144483 4.326618194580078 0
1730569144584 4.302650451660156 0
1730569144684 4.34966516494751 0
1730569144817 4.041067123413086 0
1730569144953 4.384397506713867 0
1730569145099 4.236939430236816 0
1730569145235 4.280006408691406 0
1730569145358 4.283646583557129 0
1730569145484 4.334047317504883 0
1730569145682 4.144205570220947 0
1730569145823 4.215030670166016 0
1730569146023 4.0311408042907715 0
1730569146323 4.059523582458496 0
1730569146950 4.295173645019531 0
1730569147210 4.114188194274902 0
1730569147349 4.288168907165527 0
1730569147451 4.194712162017822 0
1730569147555 4.297512054443359 0
1730569147658 4.08726692199707 0
1730569147759 4.271404266357422 0
1730569147861 4.201926231384277 0
1730569148018 4.002167224884033 0
1730569148146 4.027801513671875 0
1730569148394 4.322290420532227 0
1730569148631 4.227319240570068 0
1730569148761 4.043145179748535 0
1730569148895 4.205575466156006 0
1730569149045 4.237941741943359 0
1730569149177 4.42855978012085 0
1730569149339 4.413698196411133 0
1730569150170 4.168039798736572 0
1730569150310 3.989619255065918 0
1730569150620 4.174802303314209 0
1730569150747 4.430747985839844 0
1730569150845 4.291675090789795 0
1730569150951 4.253461837768555 0
1730569151057 4.513155937194824 0
1730569151157 4.366967678070068 0
1730569151260 4.3266921043396 0
1730569151362 4.474041938781738 0
1730569151463 4.128852844238281 0
1730569151565 4.382366180419922 0
1730569151705 4.179741382598877 0
1730569151836 4.4860639572143555 0
1730569151941 4.205651760101318 0
1730569152048 4.161703109741211 0
1730569152166 4.186398029327393 0
1730569152311 4.318783283233643 0
1730569152458 4.1852946281433105 0
1730569152563 4.220090389251709 0
1730569152667 4.179166793823242 0
1730569152807 4.369723320007324 0
1730569152943 4.2434844970703125 0
1730569153051 4.484417915344238 0
1730569153153 4.076841831207275 0
1730569153255 4.281529903411865 0
1730569153358 4.373584270477295 0
1730569153459 4.052776336669922 0
1730569153583 4.27014684677124 0
1730569153724 4.052519798278809 0
1730569153855 4.228392601013184 0
1730569153958 4.218556880950928 0
1730569154065 4.362946033477783 0
1730569154194 4.109620094299316 0
1730569154331 4.311941623687744 0
1730569154491 4.31597375869751 0
1730569154638 4.199157238006592 0
1730569154763 4.229783058166504 0
1730569154903 4.336857318878174 0
1730569155008 4.1263322830200195 0
1730569155190 4.155208110809326 0
1730569155312 4.226315975189209 0
1730569155409 4.244584560394287 0
1730569155532 4.016351222991943 0
1730569155663 4.171721935272217 0
1730569155784 4.291065216064453 0
1730569155888 4.144280910491943 0
1730569155988 4.250284671783447 0
1730569156135 4.096103668212891 0
1730569156367 4.280718803405762 0
1730569156710 4.139641284942627 0
1730569156909 4.270974159240723 0
1730569157111 4.387146949768066 0
1730569157239 4.381669998168945 0
1730569157342 4.192575931549072 0
1730569157444 4.137424468994141 0
1730569157546 4.250768184661865 0
1730569157831 4.437380313873291 0
1730569157931 4.253310203552246 0
1730569158042 4.340743541717529 0
1730569158145 4.184721946716309 0
1730569158245 4.264028549194336 0
1730569158352 4.205668926239014 0
1730569158457 4.43808650970459 0
1730569158559 4.364031791687012 0
1730569158661 4.167181491851807 0
1730569158778 4.346471309661865 0
1730569158887 4.167187690734863 0
1730569158988 4.389152526855469 0
1730569159098 4.239055156707764 0
1730569159363 4.120206356048584 0
1730569159462 4.3970723152160645 0
1730569159561 4.045641899108887 0
1730569159658 4.342710494995117 0
1730569159758 4.242835521697998 0
1730569159858 4.3121185302734375 0
1730569159958 4.216952323913574 0
1730569160065 4.210935115814209 0
1730569160167 4.388218402862549 0
1730569160269 4.153172016143799 0
1730569160528 4.262668609619141 0
1730569160626 4.285207748413086 0
1730569160727 4.218400955200195 0
1730569160828 4.230815410614014 0
1730569160930 4.154903888702393 0
1730569161041 4.40994119644165 0
1730569161153 4.064951419830322 0
1730569161255 4.405245304107666 0
1730569161357 4.200707912445068 0
1730569161457 4.34514045715332 0
1730569161556 4.366716384887695 0
1730569161656 4.213336944580078 0
1730569161756 4.349471569061279 0
1730569161859 4.233938217163086 0
1730569161975 4.159307956695557 0
1730569162091 4.2130818367004395 0
1730569162193 4.146451950073242 0
1730569162293 4.2384748458862305 0
1730569162392 4.239086627960205 0
1730569162494 4.330916404724121 0
1730569162610 4.129227638244629 0
1730569162709 4.495738983154297 0
1730569162812 4.202385902404785 0
1730569162913 4.236638069152832 0
1730569163021 4.236051559448242 0
1730569163129 4.185532569885254 0
1730569163236 4.186182975769043 0
1730569163344 4.355146408081055 0
1730569163450 4.20273494720459 0
1730569163553 4.303874492645264 0
1730569163653 4.140146732330322 0
1730569163752 4.183955669403076 0
1730569163851 4.259799480438232 0
1730569163952 4.192096710205078 0
1730569164105 4.135931491851807 0
1730569164255 4.437534809112549 0
1730569164358 4.1673994064331055 0
1730569164460 4.231330871582031 0
1730569164573 4.252878189086914 0
1730569164676 4.248790264129639 0
1730569164808 4.382879734039307 0
1730569164935 4.1279296875 0
1730569165051 4.2940521240234375 0
1730569165161 4.282201766967773 0
1730569165259 4.142475128173828 0
1730569165357 4.152268886566162 0
1730569165457 4.246227264404297 0
1730569165582 4.12983512878418 0
1730569165692 4.142881870269775 0
1730569165794 4.269193172454834 0
1730569165895 4.254297733306885 0
1730569165996 4.124861240386963 0
1730569166094 4.125665187835693 0
1730569166192 4.215625286102295 0
1730569166290 4.233562469482422 0
1730569166388 4.217178821563721 0
1730569166486 4.6308698654174805 0
1730569166586 4.282687664031982 0
1730569166687 4.156931400299072 0
1730569166787 4.130580902099609 0
1730569166886 4.206518173217773 0
1730569166982 4.0760884284973145 0
1730569167083 4.249154090881348 0
1730569167184 4.202889919281006 0
1730569167284 4.200511455535889 0
1730569167386 4.4022016525268555 0
1730569167485 4.270967960357666 0
1730569167587 4.249016761779785 0
1730569167685 4.247072219848633 0
1730569167793 4.12266206741333 0
1730569167896 4.106593132019043 0
1730569167993 4.261252403259277 0
1730569168093 4.446453094482422 0
1730569168191 4.275118350982666 0
1730569168289 4.36341667175293 0
1730569168388 4.474470615386963 0
1730569168487 4.156314849853516 0
1730569168586 4.464419841766357 0
1730569168684 4.077129364013672 0
1730569168789 4.359794616699219 0
1730569168892 4.190127372741699 0
1730569168994 4.376720428466797 0
1730569169095 4.229498863220215 0
1730569169197 4.3690409660339355 0
1730569169298 4.245364665985107 0
1730569169424 4.260704517364502 0
1730569169549 4.212405204772949 0
1730569169667 4.230020523071289 0
1730569169791 4.154716491699219 0
1730569169918 4.270310401916504 0
1730569170049 4.22855281829834 0
1730569170397 4.2145490646362305 0
1730569170533 4.135408878326416 0
1730569170678 4.243371486663818 0
1730569170815 4.090351104736328 0
1730569170949 4.22392463684082 0
1730569171174 4.219757080078125 0
1730569171619 4.3041253089904785 0
1730569171983 4.134744167327881 0
1730569172426 4.068955898284912 0
1730569172609 4.233894348144531 0
1730569172762 4.201659202575684 0
1730569172903 4.20667028427124 0
1730569173064 4.200401782989502 0
1730569173230 4.110014915466309 0
1730569173397 4.175721168518066 0
1730569173552 4.376814842224121 0
1730569173786 4.245857238769531 0
1730569173932 4.178041458129883 0
1730569174079 4.139659881591797 0
1730569174238 4.337213516235352 0
1730569174431 4.380144119262695 0
1730569174658 4.165165424346924 0
1730569174826 4.297621726989746 0
1730569174964 4.085923194885254 0
1730569175106 4.427824020385742 0
1730569175237 4.105050086975098 0
1730569175421 4.069148540496826 0
1730569175528 4.031973838806152 0
1730569175628 4.240571975708008 0
1730569175731 4.224389553070068 0
1730569175831 4.303694248199463 0
1730569175929 4.2197771072387695 0
1730569176026 4.260246276855469 0
1730569176130 4.288148880004883 0
1730569176231 4.375200271606445 0
1730569176332 4.049563884735107 0
1730569176431 4.204866886138916 0
1730569176535 4.31204080581665 0
1730569176635 4.068007946014404 0
1730569176738 4.217422008514404 0
1730569176843 4.174510478973389 0
1730569176946 4.117651462554932 0
1730569177050 4.404855728149414 0
1730569177189 4.039966583251953 0
1730569177330 4.20796012878418 0
1730569177485 4.156105995178223 0
1730569177647 4.380620956420898 0
1730569177805 4.3421950340271 0
1730569177942 4.591903209686279 0
1730569178126 4.328142166137695 0
1730569178347 4.234170436859131 0
1730569178465 4.115411281585693 0
1730569178567 4.070497989654541 0
1730569178673 4.275649547576904 0
1730569178794 4.53440523147583 0
1730569178921 4.292394638061523 0
1730569179038 4.190500736236572 0
1730569179154 4.452915191650391 0
1730569179259 4.375103950500488 0
1730569179356 4.2840962409973145 0
1730569179454 4.102845191955566 0
1730569179560 4.300758361816406 0
1730569179677 4.199951171875 0
1730569179778 4.326866626739502 0
1730569179879 4.249527454376221 0
1730569179988 4.2650604248046875 0
1730569180100 4.259061336517334 0
1730569180210 4.385739803314209 0
1730569180330 4.142344951629639 0
1730569180439 4.263205528259277 0
1730569180539 4.1514892578125 0
1730569180641 4.211417198181152 0
1730569180748 4.172975063323975 0
1730569180866 4.234273433685303 0
1730569180970 4.165842533111572 0
1730569181075 4.280529022216797 0
1730569181173 4.256549835205078 0
1730569181271 4.4113240242004395 0
1730569181369 4.254709243774414 0
1730569181466 4.350246906280518 0
1730569181570 4.100301265716553 0
1730569181671 4.187372207641602 0
1730569181778 4.374825954437256 0
1730569181876 4.370513439178467 0
1730569181975 4.324125289916992 0
1730569182077 4.182767391204834 0
1730569182190 4.175793170928955 0
1730569182309 4.316487789154053 0
1730569182446 4.173823356628418 0
1730569182579 4.61338472366333 0
1730569182704 4.207235813140869 0
1730569182802 4.275269985198975 0
1730569182899 4.217831134796143 0
1730569182996 4.1124162673950195 0
1730569183093 4.286379814147949 0
1730569183192 4.176523208618164 0
1730569183289 4.257705211639404 0
1730569183387 4.170652866363525 0
1730569183485 4.199277400970459 0
1730569183584 4.21707820892334 0
1730569183684 4.418789386749268 0
1730569183783 4.188618183135986 0
1730569183882 4.278597831726074 0
1730569183982 4.1738739013671875 0
1730569184114 4.153702735900879 0
1730569184240 4.249812126159668 0
1730569184359 4.185814380645752 0
1730569184466 4.221159934997559 0
1730569184589 4.161144256591797 0
1730569184789 4.265082359313965 0
1730569185002 4.163185119628906 0
1730569185164 4.226003170013428 0
1730569185289 4.184686660766602 0
1730569185415 4.388714790344238 0
1730569185532 4.126765727996826 0
1730569185686 4.174349308013916 0
1730569185788 4.241519927978516 0
1730569185891 4.268714904785156 0
1730569186022 4.28101921081543 0
1730569186193 4.266644477844238 0
1730569186372 4.165506362915039 0
1730569186554 4.1897382736206055 0
1730569186722 4.177430152893066 0
1730569186900 4.344512462615967 0
1730569187028 4.221271514892578 0
1730569187128 4.166530132293701 0
1730569187229 4.114919185638428 0
1730569187329 4.246463775634766 0
1730569187431 4.237640380859375 0
1730569187532 4.196761131286621 0
1730569187632 4.2101240158081055 0
1730569187731 4.313246250152588 0
1730569187829 4.187697887420654 0
1730569187930 4.184526443481445 0
1730569188043 4.228344440460205 0
1730569188147 4.183250427246094 0
1730569188245 4.231820583343506 0
1730569188361 4.151104927062988 0
1730569188466 4.319726943969727 0
1730569188580 4.210352897644043 0
1730569188682 4.21061897277832 0
1730569188784 4.304880142211914 0
1730569188885 4.3285675048828125 0
1730569188986 4.29288911819458 0
1730569189091 4.253573417663574 0
1730569189195 4.132564067840576 0
1730569189302 4.149700164794922 0
1730569189412 4.1648101806640625 0
1730569189513 4.193589687347412 0
1730569189616 4.260363578796387 0
1730569189719 4.206325054168701 0
1730569189823 4.4522247314453125 0
1730569189922 4.209143161773682 0
1730569190027 4.098720073699951 0
1730569190139 4.238495826721191 0
1730569190402 4.348356246948242 0
1730569190504 4.185625076293945 0
1730569190607 4.129705905914307 0
1730569190706 4.158044815063477 0
1730569190814 4.208379745483398 0
1730569190914 4.126100540161133 0
1730569191016 4.322247505187988 0
1730569191119 4.148540496826172 0
1730569191220 4.318256378173828 0
1730569191321 4.254860877990723 0
1730569191422 4.428530693054199 0
1730569191535 4.194173336029053 0
1730569191651 4.38335657119751 0
1730569191751 4.272988319396973 0
1730569191853 4.170612812042236 0
1730569191956 4.148881435394287 0
1730569192071 4.215293884277344 0
1730569192226 4.1439127922058105 0
1730569192326 4.187914848327637 0
1730569192426 4.2881903648376465 0
1730569192526 4.1396989822387695 0
1730569192627 4.104312419891357 0
1730569192728 4.307447910308838 0
1730569192827 4.221750736236572 0
1730569192926 4.143589496612549 0
1730569193025 4.276355266571045 0
1730569193126 4.253379821777344 0
1730569193225 4.290426254272461 0
1730569193326 4.210165500640869 0
1730569193424 4.1850905418396 0
1730569193526 4.120272636413574 0
1730569193626 4.214717388153076 0
1730569193734 4.163389205932617 0
1730569193844 4.6398234367370605 0
1730569193947 4.331033229827881 0
1730569194049 4.219651699066162 0
1730569194149 4.148843765258789 0
1730569194259 4.2925705909729 0
1730569194358 4.177104473114014 0
1730569194457 4.266439914703369 0
1730569194556 4.081094264984131 0
1730569194655 4.380770683288574 0
1730569194752 4.203949928283691 0
1730569194848 4.147414684295654 0
1730569194946 4.391561031341553 0
1730569195048 4.372267723083496 0
1730569195149 4.084012031555176 0
1730569195247 4.151388645172119 0
1730569195346 4.2658915519714355 0
1730569195444 4.151463508605957 0
1730569195544 4.3029961585998535 0
1730569195646 4.08747673034668 0
1730569195745 4.285791873931885 0
1730569195845 4.128871917724609 0
1730569195949 4.119046211242676 0
1730569196060 4.269467353820801 0
1730569196165 4.337529182434082 0
1730569196320 4.185871124267578 0
1730569196420 4.047844886779785 0
1730569196530 4.152220249176025 0
1730569196659 4.064859867095947 0
1730569196765 4.086669445037842 0
1730569196868 4.23719596862793 0
1730569196966 4.312953948974609 0
1730569197066 4.365699768066406 0
1730569197166 3.985780954360962 0
1730569197265 4.1440606117248535 0
1730569197365 4.116207122802734 0
1730569197463 4.4928297996521 0
1730569197560 4.1695733070373535 0
1730569197658 4.512026309967041 0
1730569197756 4.247716903686523 0
1730569197856 3.983307123184204 0
1730569197955 4.289056777954102 0
1730569198055 3.9757754802703857 0
1730569198154 4.376762390136719 0
1730569198272 4.124941349029541 0
1730569198376 4.45284366607666 0
1730569198474 4.030778408050537 0
1730569198584 4.085396766662598 0
1730569198695 4.165273189544678 0
1730569198794 4.331357955932617 0
1730569198896 4.54691743850708 0
1730569198996 4.004409313201904 0
1730569199123 4.38580322265625 0
1730569199223 4.383452892303467 0
1730569199323 4.2714152336120605 0
1730569199424 4.406238079071045 0
1730569199523 4.253024101257324 0
1730569199623 4.268009662628174 0
1730569199722 4.019612789154053 0
1730569199820 4.254417419433594 0
1730569199920 3.9553518295288086 0
1730569200020 4.143973350524902 0
1730569200120 4.050538063049316 0
1730569200218 4.192270755767822 0
1730569200319 4.445492744445801 0
1730569200419 4.087145805358887 0
1730569200526 4.347994804382324 0
1730569200633 4.02101469039917 0
1730569200733 4.218183517456055 0
1730569200832 4.284143447875977 0
1730569200930 4.092118740081787 0
1730569201029 4.082671642303467 0
1730569201128 4.195024490356445 0
1730569201227 4.057734966278076 0
1730569201325 4.054205894470215 0
1730569201425 4.404402732849121 0
1730569201524 4.285348892211914 0
1730569201624 4.119044780731201 0
1730569201722 4.161921977996826 0
1730569201820 4.148050308227539 0
1730569201918 3.9251253604888916 0
1730569202017 4.088695526123047 0
1730569202119 4.237757205963135 0
1730569202219 4.141170978546143 0
1730569202317 3.92378306388855 0
1730569202415 4.34257698059082 0
1730569202516 4.198216915130615 0
1730569202615 4.244105339050293 0
1730569202717 4.800209045410156 0
1730569202823 4.428070545196533 0
1730569202957 3.7612452507019043 0
1730569203078 4.285852909088135 0
1730569203189 4.540125370025635 0
1730569203293 4.288704872131348 0
1730569203400 4.152693748474121 0
1730569203499 4.543816566467285 0
1730569203600 5.259429454803467 0
1730569203717 4.201525688171387 0
1730569203820 3.871356725692749 0
1730569203932 4.054075717926025 0
1730569204034 5.048942565917969 0
1730569204133 4.523221969604492 0
1730569204236 4.021350860595703 0
1730569204340 4.5473551750183105 0
1730569204441 4.6584038734436035 0
1730569204540 4.369245529174805 0
1730569204639 3.997363805770874 0
1730569204736 4.04475212097168 0
1730569204835 4.240819931030273 0
1730569204936 4.150656700134277 0
1730569205048 4.17073917388916 0
1730569205160 4.716262340545654 0
1730569205261 4.3090338706970215 0
1730569205361 4.158491611480713 0
1730569205461 4.0357232093811035 0
1730569205561 4.3058342933654785 0
1730569205658 4.309437274932861 0
1730569205759 4.0990376472473145 0
1730569205860 4.333832740783691 0
1730569205960 4.066657066345215 0
1730569206080 4.284423828125 0
1730569206182 4.231186389923096 0
1730569206283 4.046466827392578 0
1730569206382 4.209733486175537 0
1730569206480 4.047778129577637 0
1730569206581 4.3267974853515625 0
1730569206680 4.200325012207031 0
1730569206782 4.183613300323486 0
1730569206885 4.274899959564209 0
1730569206986 4.057660102844238 0
1730569207102 4.236687183380127 0
1730569207227 4.038490295410156 0
1730569207332 4.262894630432129 0
1730569207433 4.270492076873779 0
1730569207532 4.261669635772705 0
1730569207630 4.166560173034668 0
1730569207732 4.249944686889648 0
1730569207835 4.231163501739502 0
1730569207935 4.8136138916015625 0
1730569208033 4.135476112365723 0
1730569208131 4.049070835113525 0
1730569208231 4.309277057647705 0
1730569208332 4.333101749420166 0
1730569208434 4.254053592681885 0
1730569208537 4.292360782623291 0
1730569208640 4.078009605407715 0
1730569208752 4.244441032409668 0
1730569208855 4.339048385620117 0
1730569208963 4.220358371734619 0
1730569209076 4.293140888214111 0
1730569209175 4.248223781585693 0
1730569209275 4.097628593444824 0
1730569209376 4.044076442718506 0
1730569209484 4.219002723693848 0
1730569209620 4.679537296295166 0
1730569209766 4.095614433288574 0
1730569209886 4.27737283706665 0
1730569209993 4.223351955413818 0
1730569210104 4.512043476104736 0
1730569210252 4.334453582763672 0
1730569210352 4.194469451904297 0
1730569210453 4.328275203704834 0
1730569210577 4.211540699005127 0
1730569210931 4.106736660003662 0
1730569211104 4.241179466247559 0
1730569211303 4.04636287689209 0
1730569211637 4.1674675941467285 0
1730569211922 4.234390735626221 0
1730569212135 4.254305839538574 0
1730569212284 4.24196195602417 0
1730569212452 4.1774139404296875 0
1730569212625 4.6876606941223145 0
1730569212767 4.071891784667969 0
1730569212927 4.194314002990723 0
1730569213234 4.232272624969482 0
1730569213394 4.528418064117432 0
1730569213523 4.375331401824951 0
1730569213650 4.267230033874512 0
1730569213784 4.2821455001831055 0
1730569213946 4.37677001953125 0
1730569214173 4.062411785125732 0
1730569214376 4.34055233001709 0
1730569214578 4.133045196533203 0
1730569214709 4.224506378173828 0
1730569214812 4.143434524536133 0
1730569214912 4.01592493057251 0
1730569215023 4.424554347991943 0
1730569215160 4.092131614685059 0
1730569215296 4.239467144012451 0
1730569215416 4.1461663246154785 0
1730569215519 4.268962383270264 0
1730569215622 4.270704746246338 0
1730569215742 4.143278121948242 0
1730569215883 4.022067546844482 0
1730569216022 4.355800151824951 0
1730569216162 4.170686721801758 0
1730569216310 4.2124505043029785 0
1730569216444 4.246576309204102 0
1730569216566 4.039823055267334 0
1730569216724 4.378374099731445 0
1730569216890 4.160389423370361 0
1730569217049 4.226997375488281 0
1730569217182 4.282068252563477 0
1730569217331 4.414481163024902 0
1730569217443 4.292036056518555 0
1730569217546 4.347522735595703 0
1730569217649 4.092032432556152 0
1730569217756 4.259943008422852 0
1730569217863 4.306408405303955 0
1730569217964 4.328065872192383 0
1730569218076 4.214646339416504 0
1730569218181 4.157979965209961 0
1730569218280 4.193621635437012 0
1730569218382 4.183592319488525 0
1730569218484 4.183853626251221 0
1730569218607 4.35066032409668 0
1730569218719 4.2605133056640625 0
1730569218843 4.241210460662842 0
1730569218976 4.164494037628174 0
1730569219114 4.227804183959961 0
1730569219248 4.029316425323486 0
1730569219468 4.242210865020752 0
1730569219654 4.2036967277526855 0
1730569219815 4.179876804351807 0
1730569219967 4.3842620849609375 0
1730569220161 4.270504951477051 0
1730569220420 4.003566741943359 0
1730569220556 4.638635635375977 0
1730569220744 4.1803460121154785 0
1730569221006 4.137065410614014 0
1730569221110 4.289322853088379 0
1730569221210 4.1622185707092285 0
1730569221312 4.393100738525391 0
1730569221410 4.149291038513184 0
1730569221509 4.315986633300781 0
1730569221610 4.158045768737793 0
1730569221714 4.573553085327148 0
1730569221818 4.2952189445495605 0
1730569221931 4.220865249633789 0
1730569222041 4.000832557678223 0
1730569222175 4.207868576049805 0
1730569222307 4.182399749755859 0
1730569222423 4.255087852478027 0
1730569222555 4.021815299987793 0
1730569222684 4.206925392150879 0
1730569222816 4.250804424285889 0
1730569222943 4.13477897644043 0
1730569223073 4.2809882164001465 0
1730569223206 4.4197821617126465 0
1730569223332 4.210045337677002 0
1730569223459 4.290877819061279 0
1730569223586 4.151053428649902 0
1730569223710 4.245051860809326 0
1730569223831 4.285343647003174 0
1730569223982 4.257940769195557 0
1730569224204 4.236254692077637 0
1730569224382 4.283509254455566 0
1730569224597 4.308347225189209 0
1730569224789 4.2316999435424805 0
1730569225268 4.243680477142334 0
1730569225375 4.303445339202881 0
1730569225477 4.289900779724121 0
1730569225579 4.398725986480713 0
1730569225681 4.284115791320801 0
1730569225824 4.242376804351807 0
1730569225924 4.167454242706299 0
1730569226025 4.164948463439941 0
1730569226247 4.144168376922607 0
1730569226522 4.239152431488037 0
1730569226706 4.459749221801758 0
1730569226919 4.160529136657715 0
1730569227051 4.319698333740234 0
1730569227356 4.262803554534912 0
1730569227455 4.153543472290039 0
1730569227553 4.157370090484619 0
1730569227651 4.291251182556152 0
1730569227750 4.181678295135498 0
1730569227865 4.348667621612549 0
1730569227976 4.321715354919434 0
1730569228115 4.346534729003906 0
1730569228247 4.2239766120910645 0
1730569228355 4.260457515716553 0
1730569228475 4.128303527832031 0
1730569228577 4.152133464813232 0
1730569228702 4.211639404296875 0
1730569228833 4.199237823486328 0
1730569228963 4.168766021728516 0
1730569229082 4.433161735534668 0
1730569229218 4.1570329666137695 0
1730569229481 4.244932651519775 0
1730569229666 4.3035430908203125 0
1730569229853 4.299243927001953 0
1730569229964 4.286281585693359 0
1730569230099 4.28183650970459 0
1730569230262 4.260343074798584 0
1730569230540 4.215021133422852 0
1730569230690 4.144876956939697 0
1730569230864 4.301581382751465 0
1730569231020 4.144862651824951 0
1730569231144 4.2562150955200195 0
1730569231316 4.120633602142334 0
1730569231459 4.264165878295898 0
1730569231595 4.391751289367676 0
1730569231717 4.573572635650635 0
1730569231921 4.293444633483887 0
1730569232143 4.257121562957764 0
1730569232302 4.226581573486328 0
1730569232468 4.242829322814941 0
1730569232718 4.140915870666504 0
1730569232868 4.248475551605225 0
1730569233003 4.194306373596191 0
1730569233248 4.245601177215576 0
1730569233443 4.266631126403809 0
1730569233582 4.292272090911865 0
1730569233731 4.179844379425049 0
1730569233898 4.192803382873535 0
1730569234044 4.220288276672363 0
1730569234145 4.26801061630249 0
1730569234258 4.177853107452393 0
1730569234391 4.251535415649414 0
1730569234508 4.174027919769287 0
1730569234620 4.173780918121338 0
1730569234734 4.185901641845703 0
1730569234850 4.339009761810303 0
1730569234959 4.186718940734863 0
1730569235080 4.237460613250732 0
1730569235197 4.2267680168151855 0
1730569235323 4.246718406677246 0
1730569235445 4.228416919708252 0
1730569235564 4.249180316925049 0
1730569235674 4.181605815887451 0
1730569235772 4.328517436981201 0
1730569235879 4.218552112579346 0
1730569235990 4.22541618347168 0
1730569236102 4.40058708190918 0
1730569236201 4.153077602386475 0
1730569236301 4.381016731262207 0
1730569236403 4.158823013305664 0
1730569236518 4.154640197753906 0
1730569236656 4.136476039886475 0
1730569236770 4.290411472320557 0
1730569236883 4.190451145172119 0
1730569237198 4.141346454620361 0
1730569237320 4.48848295211792 0
1730569237437 4.236970901489258 0
1730569237556 4.199831962585449 0
1730569237683 4.2403669357299805 0
1730569237806 4.1944098472595215 0
1730569237908 4.179249286651611 0
1730569238009 4.488198280334473 0
1730569238113 4.159191608428955 0
1730569238228 4.169466495513916 0
1730569238355 4.304287910461426 0
1730569238481 4.207657337188721 0
1730569238768 4.1983160972595215 0
1730569238901 4.298288345336914 0
1730569239011 4.20544958114624 0
1730569239112 4.183346271514893 0
1730569239213 4.238748550415039 0
1730569239313 4.1995158195495605 0
1730569239414 4.42432165145874 0
1730569239516 4.353548526763916 0
1730569239618 4.1711649894714355 0
1730569239721 4.210578918457031 0
1730569239844 4.207828998565674 0
1730569239976 4.227549076080322 0
1730569240122 4.200315475463867 0
1730569240256 4.223238945007324 0
1730569240384 4.205997943878174 0
1730569240487 4.134205341339111 0
1730569240590 4.300330638885498 0
1730569240690 4.382579326629639 0
1730569240817 4.121277332305908 0
1730569240952 4.196002006530762 0
1730569241075 4.18510627746582 0
1730569241216 4.226454257965088 0
1730569241349 4.172839164733887 0
1730569241482 4.346322536468506 0
1730569241588 4.096706867218018 0
1730569241690 4.284989356994629 0
1730569241795 4.140501976013184 0
1730569241915 4.221539497375488 0
1730569242144 4.179121017456055 0
1730569242384 4.177717685699463 0
1730569242544 4.15022611618042 0
1730569242671 4.341612815856934 0
1730569242773 4.181722640991211 0
1730569242871 4.073146343231201 0
1730569242971 4.274360179901123 0
1730569243070 4.177042007446289 0
1730569243172 4.199973106384277 0
1730569243278 4.161184310913086 0
1730569243383 4.251947402954102 0
1730569243479 4.380122661590576 0
1730569243576 4.50378942489624 0
1730569243673 4.095984935760498 0
1730569243775 4.124752044677734 0
1730569244051 4.371192932128906 0
1730569244148 4.241624355316162 0
1730569244248 4.123796463012695 0
1730569244361 4.1521100997924805 0
1730569244473 4.105119705200195 0
1730569244577 4.358375549316406 0
1730569244680 4.299986839294434 0
1730569244786 4.162471771240234 0
1730569244903 4.374842166900635 0
1730569245007 4.2172980308532715 0
1730569245116 4.095955848693848 0
1730569245226 4.3471527099609375 0
1730569245340 4.245260715484619 0
1730569245462 4.089850425720215 0
1730569245571 4.117769241333008 0
1730569245708 4.0221476554870605 0
1730569245840 4.088878154754639 0
1730569245974 4.2490925788879395 0
1730569246081 4.090135097503662 0
1730569246184 4.144379615783691 0
1730569246393 4.205393314361572 0
1730569246534 4.199823379516602 0
1730569246668 4.269212245941162 0
1730569246794 4.256226539611816 0
1730569246911 4.340551853179932 0
1730569247022 4.19492244720459 0
1730569247132 4.315516948699951 0
1730569247235 4.385944366455078 0
1730569247338 4.170254230499268 0
1730569247446 4.355700969696045 0
1730569247560 3.9539794921875 0
1730569247676 4.056865692138672 0
1730569247807 4.239045143127441 0
1730569247936 3.939779758453369 0
1730569248061 4.281886100769043 0
1730569248176 4.62922477722168 0
1730569248288 4.154693603515625 0
1730569248401 4.272487640380859 0
1730569248515 4.294240474700928 0
1730569248630 4.402223110198975 0
1730569248749 4.372328758239746 0
1730569248863 4.160640239715576 0
1730569248975 4.242002487182617 0
1730569249092 4.2253828048706055 0
1730569249208 4.07150411605835 0
1730569249325 4.59676456451416 0
1730569249437 4.103389739990234 0
1730569249551 4.1002888679504395 0
1730569249668 4.316560745239258 0
1730569249783 4.273841381072998 0
1730569249895 4.197028160095215 0
1730569250018 4.261728286743164 0
1730569250137 4.319271564483643 0
1730569250239 4.188193321228027 0
1730569250342 4.105594158172607 0
1730569250454 4.138864517211914 0
1730569250578 4.262357234954834 0
1730569250695 4.161179065704346 0
1730569250812 4.197062015533447 0
1730569250919 4.2316365242004395 0
1730569251024 4.252370834350586 0
1730569251131 4.170160293579102 0
1730569251234 4.35419225692749 0
1730569251334 4.217382431030273 0
1730569251436 4.301016330718994 0
1730569251544 4.165186405181885 0
1730569251661 4.057181358337402 0
1730569251816 4.3582048416137695 0
1730569251931 4.06411600112915 0
1730569252062 4.351439952850342 0
1730569252279 4.072086811065674 0
1730569252427 4.558454513549805 0
1730569252535 4.160518169403076 0
1730569252651 4.339362144470215 0
1730569252774 4.277720928192139 0
1730569252882 4.207269191741943 0
1730569252984 4.092692852020264 0
1730569253088 4.148004055023193 0
1730569253191 4.054483890533447 0
1730569253316 4.156722545623779 0
1730569253447 4.15509557723999 0
1730569253574 4.196048736572266 0
1730569253703 4.34419059753418 0
1730569253831 4.073398113250732 0
1730569253966 4.149465084075928 0
1730569254106 4.195451736450195 0
1730569254235 4.300858497619629 0
1730569254371 4.251094818115234 0
1730569254493 4.17002010345459 0
1730569254770 3.9175424575805664 0
1730569254910 4.372063636779785 0
1730569255011 4.314973831176758 0
1730569255126 4.237858295440674 0
1730569255226 4.26926851272583 0
1730569255324 4.208858966827393 0
1730569255423 4.338123321533203 0
1730569255554 4.501330375671387 0
1730569255726 4.118307113647461 0
1730569255859 4.313191890716553 0
1730569255959 4.264020919799805 0
1730569256072 4.1907429695129395 0
1730569256343 4.17237663269043 0
1730569256619 4.451657772064209 0
1730569256888 4.16395378112793 0
1730569257013 4.288633346557617 0
1730569257154 4.254471778869629 0
1730569257318 4.239448070526123 0
1730569257446 4.120173454284668 0
1730569257559 4.126344680786133 0
1730569257661 4.248254299163818 0
1730569257806 4.273565769195557 0
1730569257945 4.6136627197265625 0
1730569258059 4.1500115394592285 0
1730569258250 4.320199966430664 0
1730569258442 4.155853748321533 0
1730569258640 4.310458183288574 0
1730569258907 4.239293575286865 0
1730569259060 4.098735809326172 0
1730569259280 4.536168575286865 0
1730569259419 4.08890962600708 0
1730569259543 4.421464443206787 0
1730569259692 4.1042046546936035 0
1730569259836 4.207569122314453 0
1730569259940 4.173028469085693 0
1730569260088 4.172926902770996 0
1730569260265 4.218029499053955 0
1730569260423 4.332421779632568 0
1730569260632 4.17495584487915 0
1730569260783 4.090087413787842 0
1730569260884 4.074583053588867 0
1730569260983 4.417862415313721 0
1730569261087 4.359808444976807 0
1730569261184 4.33734130859375 0
1730569261283 4.167518615722656 0
1730569261381 4.386073589324951 0
1730569261482 4.195643901824951 0
1730569261591 4.0688157081604 0
1730569261688 4.082571506500244 0
1730569261794 4.279293060302734 0
1730569261896 4.296857833862305 0
1730569262016 4.276318550109863 0
1730569262165 4.277227401733398 0
1730569262341 4.241260528564453 0
1730569262549 4.062098503112793 0
1730569262690 4.304512023925781 0
1730569262787 4.054704189300537 0
1730569262886 4.227877616882324 0
1730569262984 4.344473361968994 0
1730569263122 4.254767417907715 0
1730569263325 4.178365707397461 0
1730569263508 4.347011566162109 0
1730569263878 4.47967529296875 0
1730569264031 4.068709850311279 0
1730569264175 4.1273016929626465 0
1730569264351 4.625866889953613 0
1730569264457 4.608733177185059 0
1730569265252 4.371410369873047 0
1730569265356 4.476485252380371 0
1730569265458 4.188083648681641 0
1730569265561 4.604145526885986 0
1730569265690 4.163369178771973 0
1730569265817 4.183684825897217 0
1730569265919 4.130496978759766 0
1730569266021 4.272698402404785 0
1730569266242 4.221660614013672 0
1730569266504 4.340819358825684 0
1730569266683 4.224924564361572 0
1730569266873 4.102773189544678 0
1730569266998 4.250998020172119 0
1730569267169 4.393685817718506 0
1730569267268 4.215339660644531 0
1730569267398 4.186103820800781 0
1730569267524 4.156702041625977 0
1730569267642 4.1886796951293945 0
1730569267755 4.176333904266357 0
1730569267858 4.363762855529785 0
1730569267967 4.11198616027832 0
1730569268089 4.2010602951049805 0
1730569268432 4.3890862464904785 0
1730569268580 4.101062297821045 0
1730569268827 4.048979759216309 0
1730569269107 4.1835150718688965 0
1730569269303 4.442270278930664 0
1730569269412 4.1455793380737305 0
1730569269512 4.441377639770508 0
1730569269611 4.234973430633545 0
1730569269711 4.233846187591553 0
1730569269811 4.247872352600098 0
1730569269913 4.384018898010254 0
1730569270015 4.205127716064453 0
1730569270124 4.1923651695251465 0
1730569270223 4.367681503295898 0
1730569270322 4.29915189743042 0
1730569270421 4.274794578552246 0
1730569270523 4.207102298736572 0
1730569270625 4.1354265213012695 0
1730569270727 4.216473579406738 0
1730569270829 4.188253879547119 0
1730569270930 4.389837265014648 0
1730569271031 4.183418273925781 0
1730569271132 4.263587474822998 0
1730569271232 4.184978485107422 0
1730569271338 4.183385848999023 0
1730569271444 4.3826584815979 0
1730569271555 4.172926902770996 0
1730569271663 4.219756603240967 0
1730569271762 4.135027885437012 0
1730569271861 4.245943069458008 0
1730569271962 4.136638641357422 0
1730569272076 4.212127685546875 0
1730569272178 4.227405071258545 0
1730569272280 4.228873252868652 0
1730569272381 4.173565864562988 0
1730569272482 4.49717903137207 0
1730569272582 4.306159973144531 0
1730569272684 4.387880325317383 0
1730569272844 4.192348957061768 0
1730569272973 4.189040660858154 0
1730569273099 4.334263324737549 0
1730569273218 4.153424263000488 0
1730569273337 4.2049784660339355 0
1730569273443 4.2761712074279785 0
1730569273544 4.271864891052246 0
1730569273641 4.263100624084473 0
1730569273758 4.257486343383789 0
