1730603555328 0.01781170442700386 0
1730603577859 0.021628499031066895 0
1730603600314 0.02120441012084484 0
1730603622462 0.024809161201119423 0
1730603644541 0.026972010731697083 0
1730603667881 0.029262086376547813 0
1730603689723 0.029443837702274323 0
1730603711675 0.02830788865685463 0
1730603733798 0.026858920231461525 0
1730603755709 0.027480915188789368 0
1730603777699 0.028221143409609795 0
1730603799632 0.027989821508526802 0
1730603821387 0.027989821508526802 0
1730603843190 0.027989821508526802 0
1730603867820 0.02765055187046528 0
1730603887859 0.027353689074516296 0
1730603908235 0.027540788054466248 0
1730603928271 0.027565734460949898 0
1730603948281 0.027454132214188576 0
1730603968524 0.027608143165707588 0
1730603988866 0.02786865457892418 0
1730604009093 0.02833680249750614 0
1730604029276 0.027989821508526802 0
1730604049473 0.028201866894960403 0
1730604069476 0.02768447808921337 0
1730604089989 0.026815423741936684 0
1730604110214 0.026764677837491035 0
1730604130289 0.02680843323469162 0
1730604150942 0.026936912909150124 0
1730604172091 0.02680237405002117 0
