1730603555316 4.300450801849365 0
1730603577847 4.283344268798828 0
1730603600303 4.260463714599609 0
1730603622450 4.264853477478027 0
1730603644528 4.257413864135742 0
1730603667869 4.232203006744385 0
1730603689710 4.259805202484131 0
1730603711663 4.251142978668213 0
1730603733786 4.2555742263793945 0
1730603755697 4.242866039276123 0
1730603777686 4.220496654510498 0
1730603799620 4.273550033569336 0
1730603821374 4.246434211730957 0
1730603843178 4.256192207336426 0
1730603867808 4.257692813873291 0
1730603887848 4.252509117126465 0
1730603908223 4.244055271148682 0
1730603928259 4.259562015533447 0
1730603948270 4.249361515045166 0
1730603968513 4.252297401428223 0
1730603988855 4.246503829956055 0
1730604009082 4.23639440536499 0
1730604029265 4.260613918304443 0
1730604049462 4.223191261291504 0
1730604069464 4.245817184448242 0
1730604089978 4.2387189865112305 0
1730604110202 4.2553486824035645 0
1730604130278 4.2489800453186035 0
1730604150930 4.260510444641113 0
1730604172069 4.25051736831665 0
