1730603356217 4.081326484680176 0
1730603357629 4.1560797691345215 0
1730603357849 4.2007060050964355 0
1730603358081 4.124504566192627 0
1730603358292 4.107935905456543 0
1730603358507 4.383336544036865 0
1730603358716 4.47150993347168 0
1730603358927 4.2122368812561035 0
1730603359146 4.558209419250488 0
1730603359359 4.129767894744873 0
1730603359570 4.102358341217041 0
1730603359781 4.4924421310424805 0
1730603359844 4.219727039337158 0
1730603360064 4.142107963562012 0
1730603360276 4.340347766876221 0
1730603360487 4.254651069641113 0
1730603360697 3.8022494316101074 0
1730603360908 4.3374810218811035 0
1730603360973 4.524952411651611 0
1730603361038 4.371432781219482 0
1730603361254 4.329205513000488 0
1730603361323 4.390850067138672 0
1730603361537 4.359779357910156 0
1730603361771 4.163586139678955 0
1730603361985 4.1032514572143555 0
1730603362052 4.104953289031982 0
1730603362116 3.6391701698303223 0
1730603362179 3.70568585395813 0
1730603362241 4.256049156188965 0
1730603362453 4.253902912139893 0
1730603362514 4.236179351806641 0
1730603362579 4.354394912719727 0
1730603362643 3.98087477684021 0
1730603362708 4.337865352630615 0
1730603362770 4.643193244934082 0
1730603362831 4.196207523345947 0
1730603362895 5.047420501708984 0
1730603362960 4.230935096740723 0
1730603363022 4.159929275512695 0
1730603363085 4.707427501678467 0
1730603363147 4.0347900390625 0
1730603363212 4.404141426086426 0
1730603363275 3.5350730419158936 0
1730603363338 4.410466194152832 0
1730603363558 4.210260391235352 0
1730603363625 3.896634340286255 0
1730603363687 4.057178020477295 0
1730603363898 3.959782838821411 0
1730603363961 4.156308174133301 0
1730603364215 4.234894275665283 0
1730603364279 3.875593900680542 0
1730603364347 4.314304828643799 0
1730603364569 4.278051853179932 0
1730603364644 4.454919815063477 0
1730603364709 3.9457147121429443 0
1730603364778 4.506905555725098 0
1730603365003 4.501652240753174 0
1730603365228 4.509857177734375 0
1730603365290 4.112625598907471 0
1730603365356 4.474991321563721 0
1730603365423 4.261569976806641 0
1730603365641 4.118912696838379 0
1730603365707 4.568582534790039 0
1730603365778 4.207877159118652 0
1730603365845 4.986248970031738 0
1730603365909 4.635932922363281 0
1730603365975 4.250289440155029 0
1730603366042 4.258151054382324 0
1730603366109 3.5431559085845947 0
1730603366171 4.451179504394531 0
1730603366237 4.180994510650635 0
1730603366300 4.046453475952148 0
1730603366518 4.0492329597473145 0
1730603366581 4.161193370819092 0
1730603366644 4.146836280822754 0
1730603366709 4.55545711517334 0
1730603366771 4.161314964294434 0
1730603366834 3.794137954711914 0
1730603367054 4.561805725097656 0
1730603367119 4.5558929443359375 0
1730603367180 4.061727523803711 0
1730603367441 4.634321212768555 0
1730603367506 4.263147354125977 0
1730603367720 4.525107383728027 0
1730603367781 4.190626621246338 0
1730603368000 3.7590980529785156 0
1730603368069 3.9456627368927 0
1730603368135 4.483471870422363 0
1730603368197 4.085732460021973 0
1730603368259 3.733560562133789 0
1730603368322 4.397614002227783 0
1730603368383 4.3904900550842285 0
1730603368445 4.382997512817383 0
1730603368507 4.871821880340576 0
1730603368569 4.728092193603516 0
1730603368634 3.964949369430542 0
1730603368695 3.9828386306762695 0
1730603368757 4.097835063934326 0
1730603368819 5.224194526672363 0
1730603368882 4.556951522827148 0
1730603369104 5.203993320465088 0
1730603369167 5.115119457244873 0
1730603369231 4.197375297546387 0
1730603369295 3.9934802055358887 0
1730603369358 4.34922456741333 0
1730603369421 4.024135112762451 0
1730603369487 4.587254524230957 0
1730603369550 4.577091217041016 0
1730603369613 4.166990280151367 0
1730603369675 4.114999771118164 0
1730603369890 4.460326194763184 0
1730603369954 3.8620691299438477 0
1730603370016 4.114733695983887 0
1730603370083 4.316806793212891 0
1730603370145 4.537205696105957 0
1730603370230 4.910671234130859 0
1730603370330 3.9454431533813477 0
1730603370400 4.631237506866455 0
1730603370464 4.461610317230225 0
1730603370531 4.039538860321045 0
1730603370594 4.065435409545898 0
1730603370656 4.860130310058594 0
1730603370717 4.185308933258057 0
1730603370780 4.429376125335693 0
1730603370843 4.827106952667236 0
1730603370905 4.696350574493408 0
1730603370967 3.4795594215393066 0
1730603371033 3.646345853805542 0
1730603371100 5.112540245056152 0
1730603371163 4.390964508056641 0
1730603371225 4.566224098205566 0
1730603371287 3.744556427001953 0
1730603371355 4.6404194831848145 0
1730603371422 5.069642066955566 0
1730603371502 5.058350086212158 0
1730603371577 5.184212684631348 0
1730603371642 3.9264700412750244 0
1730603371705 4.131285667419434 0
1730603371768 4.288762092590332 0
1730603371832 4.276577949523926 0
1730603371895 3.7831523418426514 0
1730603371958 4.027579307556152 0
1730603372025 5.011343479156494 0
1730603372088 3.9941673278808594 0
1730603372150 4.331252098083496 0
1730603372213 4.538156986236572 0
1730603372276 4.026175498962402 0
1730603372339 3.9727840423583984 0
1730603372402 3.8854827880859375 0
1730603372466 3.449744939804077 0
1730603372689 3.8738198280334473 0
1730603372755 3.975428819656372 0
1730603372818 4.954470634460449 0
1730603373040 3.904428005218506 0
1730603373257 3.707446813583374 0
1730603373318 4.474505424499512 0
1730603373384 4.439180374145508 0
1730603373466 3.950451374053955 0
1730603373550 4.990663528442383 0
1730603373619 4.33193302154541 0
1730603373681 4.133367538452148 0
1730603373744 4.079503059387207 0
1730603373807 4.4063239097595215 0
1730603373869 4.531193256378174 0
1730603373931 3.418738842010498 0
1730603373994 4.275659561157227 0
1730603374058 4.105313301086426 0
1730603374120 4.687455177307129 0
1730603374182 4.471207618713379 0
1730603374244 5.184250831604004 0
1730603374461 4.85930871963501 0
1730603374524 4.150958061218262 0
1730603374585 4.385618686676025 0
1730603374646 3.998202323913574 0
1730603374713 3.925874710083008 0
1730603374781 3.985787868499756 0
1730603374848 4.864187240600586 0
1730603374912 3.860142469406128 0
1730603374975 4.783869743347168 0
1730603375037 3.975412368774414 0
1730603375099 4.356406211853027 0
1730603375165 5.507506370544434 0
1730603375230 4.3556060791015625 0
1730603375293 5.200026512145996 0
1730603375356 3.8278279304504395 0
1730603375417 4.24870491027832 0
1730603375479 4.271783351898193 0
1730603375541 4.509083271026611 0
1730603375602 4.493093967437744 0
1730603375663 3.8806726932525635 0
1730603375725 4.4066643714904785 0
1730603375793 4.24856424331665 0
1730603375855 5.080507755279541 0
1730603375916 5.139625549316406 0
1730603375977 3.983499765396118 0
1730603376040 4.090648174285889 0
1730603376103 3.9884324073791504 0
1730603376165 4.208686828613281 0
1730603376227 3.912454605102539 0
1730603376290 3.9524505138397217 0
1730603376352 4.421658992767334 0
1730603376413 4.784012794494629 0
1730603376475 3.960908889770508 0
1730603376538 4.91956090927124 0
1730603376599 4.012055397033691 0
1730603376665 4.104479789733887 0
1730603376727 4.0621747970581055 0
1730603376789 3.9008915424346924 0
1730603376851 4.0257487297058105 0
1730603376913 4.0251264572143555 0
1730603376980 4.300711631774902 0
1730603377049 4.291101455688477 0
1730603377116 5.387113094329834 0
1730603377179 3.653135299682617 0
1730603377241 4.270013809204102 0
1730603377303 4.477249622344971 0
1730603377365 4.267365455627441 0
1730603377427 4.421880722045898 0
1730603377489 3.8032631874084473 0
1730603377551 5.034743309020996 0
1730603377613 4.004731178283691 0
1730603377676 4.714727401733398 0
1730603377738 4.306768417358398 0
1730603377799 4.413352966308594 0
1730603377861 4.4365339279174805 0
1730603377923 4.250586986541748 0
1730603377986 4.243075847625732 0
1730603378064 4.132137775421143 0
1730603378128 3.6940817832946777 0
1730603378191 4.908647537231445 0
1730603378251 3.9667487144470215 0
1730603378313 3.6816911697387695 0
1730603378376 4.357179641723633 0
1730603378439 4.510457515716553 0
1730603378501 4.174732208251953 0
1730603378564 4.099324703216553 0
1730603378627 4.128716945648193 0
1730603378689 5.0881218910217285 0
1730603378750 3.9307639598846436 0
1730603378812 4.192314624786377 0
1730603378875 4.36757755279541 0
1730603378936 5.045097351074219 0
1730603378998 3.9654805660247803 0
1730603379062 4.09779167175293 0
1730603379124 4.372957229614258 0
1730603379189 4.164392471313477 0
1730603379257 3.8990278244018555 0
1730603379325 4.451895236968994 0
1730603379392 4.366395950317383 0
1730603379455 4.0961151123046875 0
1730603379518 3.9430992603302 0
1730603379580 4.140133857727051 0
1730603379643 4.073066234588623 0
1730603379705 5.291312217712402 0
1730603379766 3.8777103424072266 0
1730603379828 4.224823951721191 0
1730603379891 3.785177230834961 0
1730603379953 3.8903515338897705 0
1730603380013 5.043591499328613 0
1730603380094 3.826765298843384 0
1730603380157 4.372708320617676 0
1730603380219 5.109271049499512 0
1730603380280 4.463797092437744 0
1730603380343 4.300135135650635 0
1730603380407 4.824548721313477 0
1730603380468 3.9642717838287354 0
1730603380530 5.226144313812256 0
1730603380593 3.930713176727295 0
1730603380655 4.743293285369873 0
1730603380717 4.312893867492676 0
1730603380778 4.426793098449707 0
1730603380840 4.854798316955566 0
1730603380901 4.272927761077881 0
1730603380963 3.845886707305908 0
1730603381026 3.542896270751953 0
1730603381088 3.688209295272827 0
1730603381150 5.162524223327637 0
1730603381212 4.097203254699707 0
1730603381274 3.5264461040496826 0
1730603381335 4.394728660583496 0
1730603381396 3.91835880279541 0
1730603381462 4.1110687255859375 0
1730603381526 4.294802665710449 0
1730603381606 3.876041889190674 0
1730603381669 5.019891738891602 0
1730603381730 4.278857231140137 0
1730603381792 3.928485870361328 0
1730603381854 4.9625630378723145 0
1730603381918 5.860050201416016 0
1730603381982 4.383549213409424 0
1730603382045 4.048422813415527 0
1730603382107 4.0459771156311035 0
1730603382170 3.4686942100524902 0
1730603382231 4.042751312255859 0
1730603382298 4.95413875579834 0
1730603382360 3.9694526195526123 0
1730603382422 4.391593933105469 0
1730603382483 4.024110794067383 0
1730603382546 4.965789794921875 0
1730603382766 3.9384031295776367 0
1730603382828 4.301080226898193 0
1730603382892 5.987531661987305 0
1730603382956 3.8870699405670166 0
1730603383020 4.309839248657227 0
1730603383083 4.148817539215088 0
1730603383146 4.354694366455078 0
1730603383213 3.427649736404419 0
1730603383277 5.102636814117432 0
1730603383340 4.1054792404174805 0
1730603383401 4.7564263343811035 0
1730603383463 4.330164909362793 0
1730603383527 3.903738021850586 0
1730603383590 5.0632123947143555 0
1730603383651 4.878681182861328 0
1730603383716 5.069116115570068 0
1730603383781 5.716642379760742 0
1730603383848 5.704172134399414 0
1730603383913 5.049699783325195 0
1730603383977 4.06362247467041 0
1730603384042 3.698550224304199 0
1730603384106 4.271773815155029 0
1730603384168 4.409239768981934 0
1730603384230 4.6793670654296875 0
1730603384292 4.133893966674805 0
1730603384354 4.9412641525268555 0
1730603384416 4.3837890625 0
1730603384478 4.222568035125732 0
1730603384695 4.05221700668335 0
1730603384757 4.268355846405029 0
1730603384819 3.8793704509735107 0
1730603384880 3.669006586074829 0
1730603384943 4.354681491851807 0
1730603385005 3.7116036415100098 0
1730603385095 3.8586583137512207 0
1730603385157 5.915789604187012 0
1730603385220 4.446945667266846 0
1730603385283 3.9027256965637207 0
1730603385346 4.32059907913208 0
1730603385408 4.106043815612793 0
1730603385472 3.407799482345581 0
1730603385535 4.218765735626221 0
1730603385598 4.010542869567871 0
1730603385661 3.3970725536346436 0
1730603385723 4.030948638916016 0
1730603385786 3.3822379112243652 0
1730603385849 3.8828787803649902 0
1730603385913 4.107421875 0
1730603385986 4.03303337097168 0
1730603386064 4.068010330200195 0
1730603386131 4.499380111694336 0
1730603386194 3.332730770111084 0
1730603386257 3.868683338165283 0
1730603386319 4.900993824005127 0
1730603386380 4.267991065979004 0
1730603386443 4.251011848449707 0
1730603386505 4.114077091217041 0
1730603386567 3.8747785091400146 0
1730603386629 4.020288467407227 0
1730603386691 3.903784990310669 0
1730603386753 4.3138275146484375 0
1730603386814 4.118609428405762 0
1730603386876 3.839947462081909 0
1730603386940 4.000136852264404 0
1730603387002 4.950826168060303 0
1730603387065 4.704695224761963 0
1730603387127 4.938933372497559 0
1730603387188 3.7018256187438965 0
1730603387250 4.203094005584717 0
1730603387313 3.9626784324645996 0
1730603387377 4.884693145751953 0
1730603387439 4.8336944580078125 0
1730603387500 3.856868028640747 0
1730603387562 4.633316993713379 0
1730603387625 4.063198089599609 0
1730603387689 4.186689376831055 0
1730603387751 4.300865173339844 0
1730603387814 4.047090530395508 0
1730603387877 4.649807929992676 0
1730603387942 4.830173969268799 0
1730603388005 5.063143730163574 0
1730603388069 4.954608917236328 0
1730603388130 4.12504768371582 0
1730603388196 4.818668365478516 0
1730603388263 4.1145830154418945 0
1730603388330 4.446678638458252 0
1730603388395 4.078021049499512 0
1730603388459 5.767457008361816 0
1730603388522 3.8197553157806396 0
1730603388584 5.849857807159424 0
1730603388647 4.055575847625732 0
1730603388709 3.898780345916748 0
1730603388773 4.444607257843018 0
1730603388836 4.10050630569458 0
1730603388978 4.435335636138916 0
1730603389042 5.028931140899658 0
1730603389272 4.136379718780518 0
1730603389333 3.9331603050231934 0
1730603389397 4.083619117736816 0
1730603389459 4.741172790527344 0
1730603389522 4.97470235824585 0
1730603389585 4.243575572967529 0
1730603389647 4.063965797424316 0
1730603389863 4.892398357391357 0
1730603389926 4.751502990722656 0
1730603389988 4.23458194732666 0
1730603390050 4.836030960083008 0
1730603390112 4.208306312561035 0
1730603390174 4.387063980102539 0
1730603390237 4.379463195800781 0
1730603390298 4.4095940589904785 0
1730603390362 3.971623420715332 0
1730603390425 4.747586250305176 0
1730603390493 4.0523576736450195 0
1730603390558 4.045234680175781 0
1730603390627 4.032955169677734 0
1730603390690 3.890516757965088 0
1730603390752 4.0133843421936035 0
1730603390814 4.793034553527832 0
1730603390878 4.3561906814575195 0
1730603390941 3.7127304077148438 0
1730603391004 4.685609817504883 0
1730603391085 4.056255340576172 0
1730603391148 4.934964179992676 0
1730603391211 4.924951553344727 0
1730603391273 4.822225570678711 0
1730603391335 3.3475098609924316 0
1730603391397 3.3437700271606445 0
1730603391460 4.317002296447754 0
1730603391523 3.8807668685913086 0
1730603391587 3.9861793518066406 0
1730603391651 4.046347618103027 0
1730603391868 3.9313807487487793 0
1730603391930 4.583118915557861 0
1730603391993 4.300905227661133 0
1730603392078 4.682204246520996 0
1730603392178 5.728384017944336 0
1730603392243 4.661509037017822 0
1730603392306 3.9033093452453613 0
1730603392369 4.267856597900391 0
1730603392431 4.307692050933838 0
1730603392494 4.3921284675598145 0
1730603392557 4.339235305786133 0
1730603392618 4.0817694664001465 0
1730603392681 4.074985980987549 0
1730603392746 4.618345737457275 0
1730603392811 4.2437849044799805 0
1730603392883 3.843501091003418 0
1730603392946 4.072202682495117 0
1730603393009 4.777462959289551 0
1730603393071 3.821457624435425 0
1730603393134 4.752659797668457 0
1730603393196 3.941053867340088 0
1730603393260 3.866764545440674 0
1730603393323 4.246899604797363 0
1730603393384 4.239029884338379 0
1730603393446 4.06874942779541 0
1730603393509 4.028109550476074 0
1730603393572 4.144149303436279 0
1730603393634 4.783820152282715 0
1730603393696 3.9421463012695312 0
1730603393759 4.840551853179932 0
1730603393821 4.41526985168457 0
1730603393884 4.073197364807129 0
1730603393946 3.9413437843322754 0
1730603394010 3.7177674770355225 0
1730603394073 4.326123237609863 0
1730603394135 4.169506072998047 0
1730603394197 5.1286468505859375 0
1730603394259 4.9100117683410645 0
1730603394324 4.533613204956055 0
1730603394386 4.044145584106445 0
1730603394448 4.0181498527526855 0
1730603394510 3.7936766147613525 0
1730603394573 4.266058444976807 0
1730603394635 4.13231897354126 0
1730603394697 4.175114631652832 0
1730603394917 4.516414642333984 0
1730603394986 4.495852947235107 0
1730603395056 4.689489364624023 0
1730603395129 3.989251136779785 0
1730603395192 4.762653827667236 0
1730603395254 4.741725921630859 0
1730603395316 4.526501655578613 0
1730603395378 4.102052688598633 0
1730603395442 4.234099388122559 0
1730603395505 3.9385228157043457 0
1730603395568 4.219583511352539 0
1730603395631 4.064340114593506 0
1730603395693 4.711327075958252 0
1730603395756 4.480555534362793 0
1730603395817 3.850801944732666 0
1730603395879 4.299715995788574 0
1730603395943 4.2177228927612305 0
1730603396006 3.367731809616089 0
1730603396069 4.5611042976379395 0
1730603396131 4.4210357666015625 0
1730603396195 4.0587029457092285 0
1730603396259 4.637502670288086 0
1730603396321 4.438741683959961 0
1730603396383 3.9792420864105225 0
1730603396445 3.933133840560913 0
1730603396508 4.318200588226318 0
1730603396570 4.193787097930908 0
1730603396633 3.9198732376098633 0
1730603396695 4.400803565979004 0
1730603396758 4.724846363067627 0
1730603396821 4.242282867431641 0
1730603396883 4.364028453826904 0
1730603396946 3.3511712551116943 0
1730603397009 4.730915069580078 0
1730603397073 4.234716415405273 0
1730603397135 3.9398515224456787 0
1730603397365 3.7267873287200928 0
1730603397433 4.166774749755859 0
1730603397496 4.061676025390625 0
1730603397559 4.363375186920166 0
1730603397622 3.785038948059082 0
1730603397684 3.881493091583252 0
1730603397745 4.577862739562988 0
1730603397808 5.568653106689453 0
1730603397870 3.871889352798462 0
1730603397932 4.435173988342285 0
1730603397994 4.3292927742004395 0
1730603398057 5.68128776550293 0
1730603398118 4.007437705993652 0
1730603398180 4.536253452301025 0
1730603398242 4.944261074066162 0
1730603398305 3.901299476623535 0
1730603398367 4.45127010345459 0
1730603398429 4.145450592041016 0
1730603398492 4.484314918518066 0
1730603398555 4.309411525726318 0
1730603398617 3.9747116565704346 0
1730603398680 4.307391166687012 0
1730603398743 4.449820041656494 0
1730603398805 4.047824382781982 0
1730603398867 4.697417259216309 0
1730603398929 4.501375198364258 0
1730603398992 3.3424036502838135 0
1730603399075 4.127057075500488 0
1730603399137 4.414666175842285 0
1730603399199 4.482561111450195 0
1730603399262 4.662548065185547 0
1730603399325 3.993856906890869 0
1730603399387 4.662164688110352 0
1730603399453 4.002381324768066 0
1730603399522 4.323103427886963 0
1730603399607 4.118593692779541 0
1730603399671 4.084473609924316 0
1730603399734 4.147789478302002 0
1730603399796 3.3233211040496826 0
1730603399859 4.681324005126953 0
1730603399921 4.03314733505249 0
1730603399982 5.6494035720825195 0
1730603400046 4.087162494659424 0
1730603400108 3.9540982246398926 0
1730603400171 5.472463607788086 0
1730603400234 3.938538074493408 0
1730603400297 4.363325119018555 0
1730603400360 4.195377826690674 0
1730603400423 4.210042953491211 0
1730603400485 4.015817642211914 0
1730603400546 4.253056526184082 0
1730603400611 4.145880699157715 0
1730603400675 4.39034366607666 0
1730603400736 3.788327217102051 0
1730603400798 4.6200432777404785 0
1730603400861 4.334753036499023 0
1730603400923 4.881291389465332 0
1730603400986 4.384721755981445 0
1730603401049 4.111004829406738 0
1730603401111 4.176564693450928 0
1730603401174 4.262103080749512 0
1730603401235 3.7630763053894043 0
1730603401296 3.9958128929138184 0
1730603401359 4.315047264099121 0
1730603401421 4.027882099151611 0
1730603401481 4.337130546569824 0
1730603401543 4.241687774658203 0
1730603401605 4.111697196960449 0
1730603401667 4.279570579528809 0
1730603401736 4.224489688873291 0
1730603401960 3.940216541290283 0
1730603402023 4.0176873207092285 0
1730603402098 4.196203708648682 0
1730603402160 4.116969108581543 0
1730603402376 4.608091354370117 0
1730603402438 5.067108631134033 0
1730603402500 4.002015113830566 0
1730603402562 3.914644718170166 0
1730603402627 4.336926460266113 0
1730603402691 4.068791389465332 0
1730603402755 4.683797836303711 0
1730603402819 3.9836857318878174 0
1730603402887 3.9939980506896973 0
1730603402957 4.868135452270508 0
1730603403021 3.342355966567993 0
1730603403087 4.106141567230225 0
1730603403158 5.100378036499023 0
1730603403222 4.176611423492432 0
1730603403285 3.9939379692077637 0
1730603403347 3.9958837032318115 0
1730603403409 5.387625217437744 0
1730603403474 4.570703983306885 0
1730603403542 4.63474702835083 0
1730603403606 4.440850734710693 0
1730603403669 4.139463901519775 0
1730603403732 4.974533557891846 0
1730603403797 4.899835109710693 0
1730603403861 3.727405548095703 0
1730603403927 4.257788181304932 0
1730603404005 4.27908182144165 0
1730603404073 3.9310994148254395 0
1730603404143 4.264150619506836 0
1730603404207 4.4860920906066895 0
1730603404270 4.228112697601318 0
1730603404334 4.6324687004089355 0
1730603404397 4.468055725097656 0
1730603404460 4.054808616638184 0
1730603404680 4.058097839355469 0
1730603404746 4.2021260261535645 0
1730603404811 4.747085094451904 0
1730603404875 4.562707424163818 0
1730603404939 3.9492106437683105 0
1730603405009 3.95298433303833 0
1730603405081 3.958585262298584 0
1730603405147 4.052711009979248 0
1730603405211 4.301635265350342 0
1730603405275 4.5549635887146 0
1730603405339 4.150137901306152 0
1730603405404 4.681397438049316 0
1730603405468 3.8983266353607178 0
1730603405530 4.108803749084473 0
1730603405595 4.2479166984558105 0
1730603405659 4.346494674682617 0
1730603405723 3.9170851707458496 0
1730603405785 4.016673564910889 0
1730603405848 4.341141700744629 0
1730603405911 4.502570629119873 0
1730603405974 4.378605365753174 0
1730603406053 4.511756896972656 0
1730603406117 4.0221943855285645 0
1730603406180 4.247206211090088 0
1730603406249 4.492483615875244 0
1730603406315 4.00031042098999 0
1730603406384 4.330356597900391 0
1730603406447 4.064413547515869 0
1730603406510 4.220290660858154 0
1730603406573 4.410366058349609 0
1730603406634 4.395462989807129 0
1730603406695 5.01591157913208 0
1730603406757 5.570709228515625 0
1730603406818 3.9817895889282227 0
1730603406881 4.313579559326172 0
1730603406945 3.8612771034240723 0
1730603407164 3.916496753692627 0
1730603407226 4.00661563873291 0
1730603407288 3.9991838932037354 0
1730603407350 4.847861289978027 0
1730603407412 4.888880729675293 0
1730603407475 4.8386101722717285 0
1730603407537 4.059067249298096 0
1730603407599 5.499568939208984 0
1730603407661 4.837396621704102 0
1730603407724 5.475516319274902 0
1730603407788 4.817332744598389 0
1730603408010 4.441041946411133 0
1730603408075 4.2135090827941895 0
1730603408138 3.9368879795074463 0
1730603408202 5.610649108886719 0
1730603408265 3.963089942932129 0
1730603408328 4.2847900390625 0
1730603408391 4.228960990905762 0
1730603408458 4.1801042556762695 0
1730603408526 4.123530864715576 0
1730603408754 4.0362548828125 0
1730603408817 4.404482841491699 0
1730603408881 4.5423173904418945 0
1730603408945 5.334212303161621 0
1730603409009 4.384426593780518 0
1730603409073 4.030892372131348 0
1730603409136 4.378063201904297 0
1730603409198 4.190864562988281 0
1730603409261 4.3355712890625 0
1730603409323 4.392276763916016 0
1730603409386 3.8224096298217773 0
1730603409451 4.597037315368652 0
1730603409515 4.7112202644348145 0
1730603409580 4.19491720199585 0
1730603409645 4.808358192443848 0
1730603409711 4.299286842346191 0
1730603409776 4.742678165435791 0
1730603409842 4.3144378662109375 0
1730603409912 4.72569465637207 0
1730603409976 3.891899585723877 0
1730603410039 4.53410530090332 0
1730603410101 4.712629318237305 0
1730603410165 4.60524320602417 0
1730603410233 4.597308158874512 0
1730603410296 4.178928375244141 0
1730603410361 4.007598876953125 0
1730603410424 4.139230728149414 0
1730603410491 4.083104133605957 0
1730603410558 3.790588140487671 0
1730603410621 4.0391845703125 0
1730603410685 4.360128402709961 0
1730603410757 4.562468528747559 0
1730603410823 4.279455184936523 0
1730603410900 3.7711081504821777 0
1730603410963 5.5014190673828125 0
1730603411027 5.221566200256348 0
1730603411096 4.663333892822266 0
1730603411158 3.935523271560669 0
1730603411221 3.9212987422943115 0
1730603411282 4.381031513214111 0
1730603411345 4.373361587524414 0
1730603411407 4.183972358703613 0
1730603411469 4.776322841644287 0
1730603411531 4.249598979949951 0
1730603411594 3.717034339904785 0
1730603411657 4.151824951171875 0
1730603411718 5.165504455566406 0
1730603411779 3.9680306911468506 0
1730603411843 4.124210834503174 0
1730603411905 3.515204668045044 0
1730603411967 4.219839572906494 0
1730603412030 4.040412902832031 0
1730603412094 4.159173011779785 0
1730603412156 3.997964382171631 0
1730603412217 4.506046295166016 0
1730603412279 4.086042881011963 0
1730603412341 4.285609722137451 0
1730603412403 3.8846921920776367 0
1730603412465 3.9917545318603516 0
1730603412528 3.665350914001465 0
1730603412592 4.024169445037842 0
1730603412655 3.9261748790740967 0
1730603412716 4.3098464012146 0
1730603412778 4.240055561065674 0
1730603412841 4.436337947845459 0
1730603412903 4.115406513214111 0
1730603413290 3.904691219329834 0
1730603413371 4.251902103424072 0
1730603413457 3.631309747695923 0
1730603413523 4.015140056610107 0
1730603413589 4.082544803619385 0
1730603413654 4.564205169677734 0
1730603413718 3.83915114402771 0
1730603413781 5.079386234283447 0
1730603413844 4.19471549987793 0
1730603413907 5.064873218536377 0
1730603413975 3.8786983489990234 0
1730603414041 4.260895729064941 0
1730603414104 4.051076889038086 0
1730603414166 4.056197166442871 0
1730603414230 3.982708215713501 0
1730603414292 4.804391384124756 0
1730603414355 3.808668613433838 0
1730603414416 3.9635090827941895 0
1730603414479 3.866002082824707 0
1730603414541 3.940978527069092 0
1730603414606 3.961991310119629 0
1730603414670 4.062751293182373 0
1730603414734 4.050171375274658 0
1730603414798 4.013629913330078 0
1730603414862 4.126334190368652 0
1730603414927 4.227463722229004 0
1730603414992 4.376803398132324 0
1730603415059 4.767590045928955 0
1730603415131 3.8322553634643555 0
1730603415196 4.955568313598633 0
1730603415262 4.361359596252441 0
1730603415331 4.94015645980835 0
1730603415394 4.505879878997803 0
1730603415461 4.737916469573975 0
1730603415529 4.705681800842285 0
1730603415597 3.9984469413757324 0
1730603415661 4.716405868530273 0
1730603415724 4.5165815353393555 0
1730603415788 4.018414497375488 0
1730603415851 3.975644588470459 0
1730603415915 4.509976863861084 0
1730603415979 3.996736764907837 0
1730603416043 4.69400691986084 0
1730603416106 4.995749473571777 0
1730603416169 4.403587341308594 0
1730603416311 4.647220134735107 0
1730603416375 4.151987075805664 0
1730603416443 4.296250343322754 0
1730603416513 4.020673751831055 0
1730603416577 4.13098669052124 0
1730603416641 4.269359588623047 0
1730603416705 4.496438026428223 0
1730603416767 4.487820148468018 0
1730603416830 4.012765884399414 0
1730603416894 4.644214153289795 0
1730603416957 4.107503414154053 0
1730603417020 5.361813545227051 0
1730603417084 4.449018478393555 0
1730603417147 3.9374115467071533 0
1730603417211 4.424493312835693 0
1730603417274 3.824934482574463 0
1730603417339 4.449974060058594 0
1730603417402 4.4825263023376465 0
1730603417465 4.082056522369385 0
1730603417529 3.9304492473602295 0
1730603417593 4.407384395599365 0
1730603417656 4.2935662269592285 0
1730603417724 4.052304267883301 0
1730603417791 3.9044508934020996 0
1730603417859 4.215775489807129 0
1730603417921 3.645664691925049 0
1730603417984 4.265655517578125 0
1730603418046 4.3559370040893555 0
1730603418109 3.967514753341675 0
1730603418172 4.303737640380859 0
1730603418235 4.516315937042236 0
1730603418297 3.8637523651123047 0
1730603418360 4.758951187133789 0
1730603418423 4.350895404815674 0
1730603418485 4.911733627319336 0
1730603418554 3.985877513885498 0
1730603418617 4.196133136749268 0
1730603418680 4.067723274230957 0
1730603418745 3.814974546432495 0
1730603418810 4.354939937591553 0
1730603418875 4.430541038513184 0
1730603418940 4.273375511169434 0
1730603419005 4.364356517791748 0
1730603419078 4.050465106964111 0
1730603419142 4.044081211090088 0
1730603419207 3.6398959159851074 0
1730603419269 5.438654899597168 0
1730603419332 4.356705665588379 0
1730603419395 4.416624069213867 0
1730603419458 4.392368793487549 0
1730603419522 3.8060948848724365 0
1730603419584 4.634096145629883 0
1730603419646 4.333401203155518 0
1730603419710 3.800558090209961 0
1730603419772 3.8501412868499756 0
1730603419834 4.253146648406982 0
1730603419897 4.450562000274658 0
1730603419963 4.487486362457275 0
1730603420053 4.141388893127441 0
1730603420132 4.134864807128906 0
1730603420195 3.827404499053955 0
1730603420259 4.6907958984375 0
1730603420322 4.375389099121094 0
1730603420385 4.362270832061768 0
1730603420454 4.276993751525879 0
1730603420516 4.278661727905273 0
1730603420579 4.885961055755615 0
1730603420642 4.393582820892334 0
1730603420706 4.1195268630981445 0
1730603420769 3.9221067428588867 0
1730603420832 4.2948479652404785 0
1730603420896 3.65629243850708 0
1730603420959 4.236143112182617 0
1730603421022 4.384453773498535 0
1730603421085 4.558837413787842 0
1730603421148 4.215478897094727 0
1730603421211 4.427828788757324 0
1730603421274 3.9877336025238037 0
1730603421337 4.306823253631592 0
1730603421406 4.064261436462402 0
1730603421467 4.3193559646606445 0
1730603421531 4.340507984161377 0
1730603421609 4.317032337188721 0
1730603421679 4.292219161987305 0
1730603421744 4.843925476074219 0
1730603421810 4.935524940490723 0
1730603421874 4.309024810791016 0
1730603421938 4.812691688537598 0
1730603422002 4.349328994750977 0
1730603422067 3.9739954471588135 0
1730603422131 3.9475209712982178 0
1730603422197 4.324326038360596 0
1730603422265 4.427412986755371 0
1730603422331 4.336650371551514 0
1730603422397 4.520508766174316 0
1730603422461 4.213925838470459 0
1730603422525 4.482449531555176 0
1730603422588 4.157341957092285 0
1730603422651 3.663695812225342 0
1730603422713 3.836764335632324 0
1730603422776 4.056548118591309 0
1730603422838 4.177009582519531 0
1730603422900 4.857536792755127 0
1730603422962 4.329136371612549 0
1730603423027 4.305564880371094 0
1730603423091 4.477879524230957 0
1730603423154 3.8931376934051514 0
1730603423218 4.025842666625977 0
1730603423281 3.878997802734375 0
1730603423344 4.242636680603027 0
1730603423565 4.028584957122803 0
1730603423629 4.640562057495117 0
1730603423694 4.354036331176758 0
1730603423758 4.300708770751953 0
1730603423820 3.8050594329833984 0
1730603423883 4.081548690795898 0
1730603423947 4.254500865936279 0
1730603424012 4.700837135314941 0
1730603424161 4.202813148498535 0
1730603424261 4.345973491668701 0
1730603424360 4.2656450271606445 0
1730603424434 4.266610622406006 0
1730603424521 4.775189399719238 0
1730603424620 3.6444685459136963 0
1730603424693 3.9571592807769775 0
1730603424763 3.7866177558898926 0
1730603424830 3.6307802200317383 0
1730603424896 4.258880138397217 0
1730603424963 4.728488922119141 0
1730603425037 4.335958003997803 0
1730603425104 4.04114294052124 0
1730603425171 3.836723566055298 0
1730603425283 4.337693691253662 0
1730603425392 4.460024356842041 0
1730603425461 4.7474565505981445 0
1730603425525 4.445366382598877 0
1730603425592 4.861601829528809 0
1730603425734 4.277790546417236 0
1730603425836 4.289462566375732 0
1730603425908 4.299808025360107 0
1730603425973 4.708156585693359 0
1730603426041 4.285092353820801 0
1730603426105 4.662899017333984 0
1730603426168 4.132728576660156 0
1730603426232 4.560304164886475 0
1730603426295 4.0313873291015625 0
1730603426358 4.300652027130127 0
1730603426423 4.1353254318237305 0
1730603426487 4.310100078582764 0
1730603426549 4.755317687988281 0
1730603426613 4.135198593139648 0
1730603426679 3.5684077739715576 0
1730603426743 4.306253910064697 0
1730603426806 4.0545501708984375 0
1730603426875 3.797258138656616 0
1730603426941 4.43817138671875 0
1730603427014 4.248262882232666 0
1730603427083 4.263473987579346 0
1730603427151 3.9697952270507812 0
1730603427214 4.231811046600342 0
1730603427280 4.197905540466309 0
1730603427345 4.332440376281738 0
1730603427412 3.7539589405059814 0
1730603427477 4.695413112640381 0
1730603427540 4.01076602935791 0
1730603427602 4.35131311416626 0
1730603427666 4.488426208496094 0
1730603427729 4.328813552856445 0
1730603427793 3.5396435260772705 0
1730603427859 3.9924795627593994 0
1730603427925 3.7269744873046875 0
1730603427989 4.251701831817627 0
1730603428053 4.659975051879883 0
1730603428117 4.188364028930664 0
1730603428181 4.037208557128906 0
1730603428245 4.4641642570495605 0
1730603428307 4.664127826690674 0
1730603428369 3.688755512237549 0
1730603428432 4.1760334968566895 0
1730603428494 4.610667705535889 0
1730603428558 4.254687786102295 0
1730603428622 4.209508419036865 0
1730603428685 4.417712211608887 0
1730603428748 4.2421674728393555 0
1730603428812 4.416726112365723 0
1730603428876 4.1847100257873535 0
1730603428941 4.460578918457031 0
1730603429007 4.246651649475098 0
1730603429081 3.5119566917419434 0
1730603429146 3.506934881210327 0
1730603429212 3.9496212005615234 0
1730603429280 4.319509506225586 0
1730603429347 4.447204113006592 0
1730603429411 4.20522928237915 0
1730603429473 4.528858661651611 0
1730603429535 4.7651262283325195 0
1730603429604 4.418619632720947 0
1730603429668 4.037996292114258 0
1730603429740 4.277527332305908 0
1730603429805 4.144556522369385 0
1730603429867 4.362803936004639 0
1730603429932 4.199377059936523 0
1730603429996 4.306151390075684 0
1730603430062 5.405241966247559 0
1730603430131 4.206174373626709 0
1730603430195 3.8007497787475586 0
1730603430259 4.280686855316162 0
1730603430525 4.272819995880127 0
1730603430589 4.16439151763916 0
1730603430654 4.330222129821777 0
1730603430718 4.089780807495117 0
1730603430779 4.221322059631348 0
1730603430842 3.885862350463867 0
1730603430905 4.197047710418701 0
1730603430965 4.133859634399414 0
1730603431028 4.2267560958862305 0
1730603431098 4.416409492492676 0
1730603431164 4.1703667640686035 0
1730603431231 4.121606826782227 0
1730603431295 4.232491970062256 0
1730603431358 4.8519487380981445 0
1730603431422 4.19232177734375 0
1730603431490 4.152523994445801 0
1730603431558 4.301562309265137 0
1730603431631 4.077901840209961 0
1730603431696 4.079934120178223 0
1730603431763 4.211636543273926 0
1730603431826 4.129967212677002 0
1730603431890 4.278923034667969 0
1730603431953 4.271706581115723 0
1730603432017 4.457075119018555 0
1730603432083 5.367125511169434 0
1730603432145 4.416938781738281 0
1730603432212 3.779161214828491 0
1730603432279 4.770779132843018 0
1730603432342 4.369019031524658 0
1730603432405 3.9689218997955322 0
1730603432466 4.015920639038086 0
1730603432529 4.402898788452148 0
1730603432592 4.010979652404785 0
1730603432656 4.018242835998535 0
1730603432718 4.075540065765381 0
1730603432787 4.26355504989624 0
1730603432851 4.533470630645752 0
1730603432912 3.7480483055114746 0
1730603432976 4.095717430114746 0
1730603433038 4.237865924835205 0
1730603433100 4.323270797729492 0
1730603433163 4.333173751831055 0
1730603433227 4.064200401306152 0
1730603433296 3.9313273429870605 0
1730603433362 4.355987548828125 0
1730603433426 4.090827941894531 0
1730603433489 4.156415939331055 0
1730603433550 4.047431945800781 0
1730603433612 4.3359785079956055 0
1730603433677 5.318936824798584 0
1730603433752 4.373217582702637 0
1730603433823 4.667172431945801 0
1730603433892 4.260410785675049 0
1730603433954 3.88584303855896 0
1730603434017 4.208343029022217 0
1730603434080 4.8625640869140625 0
1730603434302 4.7179789543151855 0
1730603434369 4.142055511474609 0
1730603434438 4.599034786224365 0
1730603434500 4.402881622314453 0
1730603434562 4.057936668395996 0
1730603434624 4.364434719085693 0
1730603434685 4.323705673217773 0
1730603434747 4.682435035705566 0
1730603434810 4.2886810302734375 0
1730603434878 4.66661262512207 0
1730603434945 3.9886226654052734 0
1730603435010 4.2813897132873535 0
1730603435087 4.085301876068115 0
1730603435151 3.9714713096618652 0
1730603435212 4.210114479064941 0
1730603435275 3.886050224304199 0
1730603435337 4.142802715301514 0
1730603435402 4.21567440032959 0
1730603435628 4.095401287078857 0
1730603435690 4.34413480758667 0
1730603435754 3.914912700653076 0
1730603435815 4.210356712341309 0
1730603435877 4.272749900817871 0
1730603435951 4.771911144256592 0
1730603436022 4.717735290527344 0
1730603436090 3.893857002258301 0
1730603436158 4.018797397613525 0
1730603436223 4.470284461975098 0
1730603436285 4.042749881744385 0
1730603436347 4.095870018005371 0
1730603436410 4.376126289367676 0
1730603436481 4.241351127624512 0
1730603436548 4.026171684265137 0
1730603436610 4.381067752838135 0
1730603436673 4.221976280212402 0
1730603436737 4.367177486419678 0
1730603436800 4.240449905395508 0
1730603436862 4.246949672698975 0
1730603436924 3.875119686126709 0
1730603436987 4.822842121124268 0
1730603437057 3.976423501968384 0
1730603437121 4.238020896911621 0
1730603437184 4.3202619552612305 0
1730603437254 3.597008466720581 0
1730603437318 4.142426490783691 0
1730603437384 4.138562202453613 0
1730603437446 3.794510841369629 0
1730603437510 4.276875019073486 0
1730603437581 4.202432632446289 0
1730603437644 3.9351863861083984 0
1730603437707 4.090533256530762 0
1730603437768 4.321012496948242 0
1730603437831 4.325902462005615 0
1730603437896 4.458529949188232 0
1730603437960 4.653668403625488 0
1730603438024 4.196195602416992 0
1730603438106 4.322072505950928 0
1730603438172 4.2661662101745605 0
1730603438240 4.409304618835449 0
1730603438308 4.115651607513428 0
1730603438402 4.0559563636779785 0
1730603438480 4.060218811035156 0
1730603438569 4.564812660217285 0
1730603438678 3.787076711654663 0
1730603438744 4.550161838531494 0
1730603438814 4.030828475952148 0
1730603438876 4.081194877624512 0
1730603438940 4.708812713623047 0
1730603439002 4.568706512451172 0
1730603439066 4.701929569244385 0
1730603439136 4.684204578399658 0
1730603439202 4.074228763580322 0
1730603439267 5.309689998626709 0
1730603439331 4.354241371154785 0
1730603439395 4.713422775268555 0
1730603439460 4.495630741119385 0
1730603439524 4.344125270843506 0
1730603439586 3.7759532928466797 0
1730603439654 4.147191524505615 0
1730603439722 4.041443347930908 0
1730603439785 4.227287292480469 0
1730603439847 4.024180889129639 0
1730603439909 4.587873458862305 0
1730603439971 4.140710830688477 0
1730603440199 3.883171796798706 0
1730603440262 4.200977325439453 0
1730603440325 4.448614597320557 0
1730603440386 4.549190044403076 0
1730603440451 4.266515254974365 0
1730603440518 4.27940559387207 0
1730603440585 4.2809977531433105 0
1730603440648 4.2249226570129395 0
1730603440718 4.148586273193359 0
1730603440782 4.130653381347656 0
1730603440843 4.402216911315918 0
1730603440906 4.29393196105957 0
1730603440968 4.229981899261475 0
1730603441031 4.370023250579834 0
1730603441094 3.6277222633361816 0
1730603441155 4.012970924377441 0
1730603441220 4.2052812576293945 0
1730603441287 3.9616799354553223 0
1730603441349 4.234723091125488 0
1730603441411 4.325742721557617 0
1730603441473 4.17702579498291 0
1730603441536 4.094639778137207 0
1730603441598 4.055385589599609 0
1730603441661 4.10028076171875 0
1730603441723 4.673201560974121 0
1730603441789 4.4419708251953125 0
1730603441852 4.434696197509766 0
1730603441915 3.602943181991577 0
1730603441978 4.485973834991455 0
1730603442041 4.158096790313721 0
1730603442102 4.77701997756958 0
1730603442165 3.9901673793792725 0
1730603442228 4.7597270011901855 0
1730603442294 4.296306610107422 0
1730603442358 5.277535915374756 0
1730603442420 4.112843036651611 0
1730603442482 4.1814093589782715 0
1730603442545 4.168390274047852 0
1730603442772 4.2254743576049805 0
1730603442847 4.268800735473633 0
1730603442911 4.211854934692383 0
1730603442973 4.237359046936035 0
1730603443035 3.9774656295776367 0
1730603443097 4.535065174102783 0
1730603443159 4.01280403137207 0
1730603443221 4.158945083618164 0
1730603443367 4.639577865600586 0
1730603443430 4.456299304962158 0
1730603443501 4.036919116973877 0
1730603443566 4.869661808013916 0
1730603443629 3.9337499141693115 0
1730603443691 4.28059720993042 0
1730603443754 4.113763809204102 0
1730603443816 3.7986531257629395 0
1730603443883 4.235401630401611 0
1730603443948 4.256267547607422 0
1730603444011 4.342864990234375 0
1730603444076 4.625343322753906 0
1730603444138 4.113426208496094 0
1730603444200 4.00377082824707 0
1730603444263 4.53507661819458 0
1730603444325 4.049405574798584 0
1730603444389 4.090198516845703 0
1730603444456 3.97902774810791 0
1730603444522 4.343635559082031 0
1730603444585 4.189134120941162 0
1730603444650 4.4993181228637695 0
1730603444713 4.005129814147949 0
1730603444777 4.00479793548584 0
1730603444840 4.521081924438477 0
1730603444902 4.78827428817749 0
1730603444979 3.970855474472046 0
1730603445055 4.817214012145996 0
1730603445127 4.15069055557251 0
1730603445190 5.1921610832214355 0
1730603445253 3.8607945442199707 0
1730603445315 4.769095420837402 0
1730603445379 4.057042121887207 0
1730603445443 4.749416351318359 0
1730603445514 3.967050075531006 0
1730603445577 4.375721454620361 0
1730603445640 4.151346206665039 0
1730603445702 4.166046619415283 0
1730603445764 3.990269899368286 0
1730603445827 4.100290775299072 0
1730603445890 4.264987468719482 0
1730603445954 4.164339065551758 0
1730603446022 3.925786018371582 0
1730603446097 3.8983333110809326 0
1730603446159 4.56566047668457 0
1730603446222 4.498544216156006 0
1730603446284 4.457231521606445 0
1730603446347 4.639436721801758 0
1730603446411 4.322781562805176 0
1730603446477 4.14996337890625 0
1730603446545 4.168997764587402 0
1730603446612 4.513842582702637 0
1730603446676 4.108410835266113 0
1730603446740 4.011751651763916 0
1730603446804 4.104030132293701 0
1730603446867 4.393735885620117 0
1730603446930 3.8785340785980225 0
1730603446994 4.310348033905029 0
1730603447062 3.9852981567382812 0
1730603447130 3.860214948654175 0
1730603447197 4.116298198699951 0
1730603447266 4.212451934814453 0
1730603447335 4.632715702056885 0
1730603447405 3.8135759830474854 0
1730603447468 4.27666711807251 0
1730603447534 4.237005233764648 0
1730603447601 3.951990842819214 0
1730603447667 4.052574157714844 0
1730603447730 4.133451461791992 0
1730603447796 4.212488174438477 0
1730603447860 3.925888776779175 0
1730603447925 4.062436103820801 0
1730603447989 4.345074653625488 0
1730603448211 4.014029502868652 0
1730603448275 4.4486894607543945 0
1730603448339 4.768579006195068 0
1730603448439 4.034846305847168 0
1730603448533 3.9761106967926025 0
1730603448616 4.1385884284973145 0
1730603448683 3.9498865604400635 0
1730603448748 4.327027797698975 0
1730603448838 3.690439462661743 0
1730603448932 4.611881256103516 0
1730603448997 4.5323262214660645 0
1730603449061 4.294332504272461 0
1730603449126 4.260332107543945 0
1730603449226 5.121513366699219 0
1730603449320 4.503386497497559 0
1730603449390 4.718395233154297 0
1730603449455 4.533473491668701 0
1730603449525 4.406023025512695 0
1730603449597 4.235293865203857 0
1730603449661 4.159021854400635 0
1730603449725 4.093337535858154 0
1730603449788 4.199806213378906 0
1730603449850 4.59273624420166 0
1730603449911 4.261364936828613 0
1730603449974 4.254129409790039 0
1730603450039 3.889855146408081 0
1730603450102 4.056978225708008 0
1730603450164 4.238654613494873 0
1730603450227 4.010601043701172 0
1730603450293 4.118997573852539 0
1730603450356 3.8590259552001953 0
1730603450418 3.9952306747436523 0
1730603450480 4.047521114349365 0
1730603450543 4.442876815795898 0
1730603450606 4.003533840179443 0
1730603450669 4.179459095001221 0
1730603450887 4.107541561126709 0
1730603450949 4.480775356292725 0
1730603451011 4.413319110870361 0
1730603451073 4.30499267578125 0
1730603451135 4.399910926818848 0
1730603451361 4.020143508911133 0
1730603451449 3.9171605110168457 0
1730603451551 4.285584449768066 0
1730603451620 3.6854183673858643 0
1730603451686 4.396239757537842 0
1730603451755 4.479100227355957 0
1730603451830 4.1899094581604 0
1730603451917 4.5338945388793945 0
1730603451992 4.648290634155273 0
1730603452082 3.916776180267334 0
1730603452156 4.0533318519592285 0
1730603452219 4.3993401527404785 0
1730603452293 3.8834030628204346 0
1730603452364 4.225255489349365 0
1730603452429 4.472355842590332 0
1730603452492 4.4897003173828125 0
1730603452555 4.429810047149658 0
1730603452627 4.659005641937256 0
1730603452704 4.064229488372803 0
1730603452770 5.050444602966309 0
