1730603076032 4.230250835418701 0
1730603077492 4.22803258895874 0
1730603077712 4.2327961921691895 0
1730603077928 4.2064032554626465 0
1730603078146 4.22929573059082 0
1730603078375 4.203034400939941 0
1730603078438 4.2307329177856445 0
1730603078501 4.226067543029785 0
1730603078717 4.263671875 0
1730603078780 4.235187530517578 0
1730603078997 4.262620449066162 0
1730603079214 4.266913414001465 0
1730603079430 4.2379584312438965 0
1730603079645 4.113539218902588 0
1730603079863 4.269809722900391 0
1730603080081 4.251341819763184 0
1730603080300 4.25505256652832 0
1730603080364 4.292120456695557 0
1730603080588 4.200245380401611 0
1730603080803 4.254082202911377 0
1730603080867 4.270137310028076 0
1730603080931 4.256610870361328 0
1730603080993 4.223597049713135 0
1730603081213 4.259308338165283 0
1730603081275 4.104065895080566 0
1730603081492 4.219130516052246 0
1730603081555 4.239165306091309 0
1730603081619 4.189398765563965 0
1730603081682 4.241705894470215 0
1730603081745 4.366794586181641 0
1730603081808 4.1622843742370605 0
1730603081871 4.285094738006592 0
1730603081934 4.334571838378906 0
1730603081997 4.147561550140381 0
1730603082060 4.30626916885376 0
1730603082277 4.153007507324219 0
1730603082338 4.181756019592285 0
1730603082555 4.188228607177734 0
1730603082617 4.17221212387085 0
1730603082679 4.154988765716553 0
1730603082745 4.108803749084473 0
1730603082814 4.319896221160889 0
1730603082881 4.274677276611328 0
1730603082942 4.126753807067871 0
1730603083004 4.375458717346191 0
1730603083085 4.338926792144775 0
1730603083148 4.365108489990234 0
1730603083370 4.182094573974609 0
1730603083434 4.411420822143555 0
1730603083654 4.28260612487793 0
1730603083717 4.170500755310059 0
1730603083780 4.369602203369141 0
1730603083845 4.299985408782959 0
1730603083907 4.207702159881592 0
1730603083968 4.268654823303223 0
1730603084032 4.091966152191162 0
1730603084097 4.23349666595459 0
1730603084158 4.180150032043457 0
1730603084376 4.192786693572998 0
1730603084438 4.230500221252441 0
1730603084503 4.141088962554932 0
1730603084565 4.329400539398193 0
1730603084626 4.425634384155273 0
1730603084688 4.1236701011657715 0
1730603084750 4.124753952026367 0
1730603084812 4.210241317749023 0
1730603085035 4.202744960784912 0
1730603085111 4.3864850997924805 0
1730603085175 4.290218353271484 0
1730603085241 4.236062526702881 0
1730603085308 4.403000831604004 0
1730603085372 4.16200065612793 0
1730603085434 4.237070083618164 0
1730603085499 4.200512886047363 0
1730603085561 4.095813751220703 0
1730603085783 4.324982166290283 0
1730603086005 4.288796424865723 0
1730603086067 4.387004852294922 0
1730603086132 4.276788711547852 0
1730603086194 4.324216842651367 0
1730603086257 4.041867733001709 0
1730603086476 4.276683807373047 0
1730603086538 4.125891208648682 0
1730603086758 4.330423831939697 0
1730603086820 4.320188045501709 0
1730603087047 4.2107720375061035 0
1730603087115 4.308984756469727 0
1730603087179 4.28485107421875 0
1730603087247 4.172287464141846 0
1730603087313 4.379360198974609 0
1730603087383 4.372974872589111 0
1730603087444 4.277228355407715 0
1730603087505 4.114864349365234 0
1730603087568 4.3023152351379395 0
1730603087631 4.134855270385742 0
1730603087693 4.324515342712402 0
1730603087754 4.140307903289795 0
1730603087817 4.184976100921631 0
1730603087883 4.274764537811279 0
1730603087944 4.319644451141357 0
1730603088006 4.17119026184082 0
1730603088069 4.293175220489502 0
1730603088131 4.177176475524902 0
1730603088352 4.234752178192139 0
1730603088415 4.193939208984375 0
1730603088635 4.168717861175537 0
1730603088698 4.211668014526367 0
1730603088760 4.152247905731201 0
1730603089024 4.2158637046813965 0
1730603089087 4.27302885055542 0
1730603089149 4.283136367797852 0
1730603089215 4.183037757873535 0
1730603089276 4.103819847106934 0
1730603089337 4.40923547744751 0
1730603089401 4.245146751403809 0
1730603089467 4.279392719268799 0
1730603089547 4.1408305168151855 0
1730603089613 4.2240777015686035 0
1730603089674 4.219822883605957 0
1730603089736 4.1691765785217285 0
1730603089799 4.255137920379639 0
1730603089860 4.236790657043457 0
1730603089922 4.447018623352051 0
1730603090147 4.438819885253906 0
1730603090210 4.4235734939575195 0
1730603090272 4.230879306793213 0
1730603090334 4.127213001251221 0
1730603090397 4.167093753814697 0
1730603090463 4.1288981437683105 0
1730603090527 4.198225975036621 0
1730603090589 4.133303165435791 0
1730603090652 4.155568599700928 0
1730603090715 4.376413345336914 0
1730603090781 4.237228870391846 0
1730603090843 4.092629909515381 0
1730603090904 4.255411624908447 0
1730603090967 4.181895732879639 0
1730603091029 4.457409381866455 0
1730603091092 4.132000923156738 0
1730603091153 4.3818793296813965 0
1730603091216 4.418951034545898 0
1730603091277 4.382318019866943 0
1730603091340 4.388659477233887 0
1730603091404 4.226019382476807 0
1730603091468 4.220921993255615 0
1730603091533 4.418701171875 0
1730603091596 4.135067462921143 0
1730603091659 4.264016628265381 0
1730603091727 4.202597141265869 0
1730603091794 4.1705121994018555 0
1730603091861 4.214118480682373 0
1730603091923 4.1811604499816895 0
1730603091985 4.124185085296631 0
1730603092051 4.259043216705322 0
1730603092123 4.231777191162109 0
1730603092275 4.114925384521484 0
1730603092346 4.186982154846191 0
1730603092410 4.293291091918945 0
1730603092473 4.2185845375061035 0
1730603092536 4.331602096557617 0
1730603092598 4.194173336029053 0
1730603092659 4.210755825042725 0
1730603092723 4.205143451690674 0
1730603092785 4.315919399261475 0
1730603092848 4.219649314880371 0
1730603092910 4.397877216339111 0
1730603092972 4.195821762084961 0
1730603093034 4.238537788391113 0
1730603093097 4.302546501159668 0
1730603093158 4.298333644866943 0
1730603093220 4.088791847229004 0
1730603093439 4.164030075073242 0
1730603093501 4.37359619140625 0
1730603093566 4.14025354385376 0
1730603094330 4.227182865142822 0
1730603094393 4.306966781616211 0
1730603094456 4.261036396026611 0
1730603094520 4.170949459075928 0
1730603094584 4.231429100036621 0
1730603094647 4.1425371170043945 0
1730603094890 4.155874729156494 0
1730603094954 4.184081554412842 0
1730603095017 4.496943950653076 0
1730603095080 4.132920265197754 0
1730603095144 4.330435752868652 0
1730603095207 4.350753307342529 0
1730603095269 4.374783515930176 0
1730603095332 4.223001480102539 0
1730603095395 4.205871105194092 0
1730603095458 4.452193260192871 0
1730603095702 4.2008514404296875 0
1730603095767 4.27377462387085 0
1730603095830 4.266450881958008 0
1730603095892 4.313892364501953 0
1730603095955 4.194238662719727 0
1730603096018 4.174774169921875 0
1730603096156 4.205463886260986 0
1730603096228 4.2902069091796875 0
1730603096304 4.426207542419434 0
1730603096383 4.1831793785095215 0
1730603096446 4.122241973876953 0
1730603096513 4.138807773590088 0
1730603096576 4.224698066711426 0
1730603096639 4.306107997894287 0
1730603096703 4.132391452789307 0
1730603096766 4.130123138427734 0
1730603096828 4.195228576660156 0
1730603096890 4.142367839813232 0
1730603096953 4.168960094451904 0
1730603097017 4.229578971862793 0
1730603097079 4.273726940155029 0
1730603097142 4.150990962982178 0
1730603097204 4.257823467254639 0
1730603097267 4.122699737548828 0
1730603097330 4.201980113983154 0
1730603097392 4.222108840942383 0
1730603097455 4.447793960571289 0
1730603097519 4.314438343048096 0
1730603097769 4.155942916870117 0
1730603097833 4.317433834075928 0
1730603097899 4.281167507171631 0
1730603097962 4.279245853424072 0
1730603098026 4.2172956466674805 0
1730603098090 4.224471569061279 0
1730603098157 4.2216949462890625 0
1730603098220 4.258382797241211 0
1730603098284 4.231444358825684 0
1730603098352 4.2429680824279785 0
1730603098416 4.282142162322998 0
1730603098490 4.248950481414795 0
1730603098563 4.268411159515381 0
1730603098634 4.158885955810547 0
1730603098699 4.126697063446045 0
1730603098766 4.124693870544434 0
1730603098828 4.178596496582031 0
1730603098893 4.2100300788879395 0
1730603098959 4.2124176025390625 0
1730603099024 4.3108954429626465 0
1730603099094 4.255963325500488 0
1730603099157 4.139875888824463 0
1730603099220 4.194838047027588 0
1730603099285 4.397138595581055 0
1730603099347 4.155231475830078 0
1730603099409 4.282095909118652 0
1730603099472 4.255171298980713 0
1730603099534 4.283655643463135 0
1730603099597 4.245672225952148 0
1730603099660 4.255580902099609 0
1730603099723 4.3308610916137695 0
1730603099786 4.155434608459473 0
1730603099851 4.373507499694824 0
1730603099929 4.206080436706543 0
1730603100004 4.129405975341797 0
1730603100070 4.2651896476745605 0
1730603100135 4.195229530334473 0
1730603100201 4.192443370819092 0
1730603100265 4.316553115844727 0
1730603100328 4.257436275482178 0
1730603100577 4.256188869476318 0
1730603100640 4.242260456085205 0
1730603100707 4.280452251434326 0
1730603100774 4.232686996459961 0
1730603100840 4.351831912994385 0
1730603100904 4.212291717529297 0
1730603100968 4.312852382659912 0
1730603101032 4.187561511993408 0
1730603101095 4.259576320648193 0
1730603101158 4.307117462158203 0
1730603101222 4.330743312835693 0
1730603101287 4.2842254638671875 0
1730603101541 4.143983840942383 0
1730603101606 4.131607532501221 0
1730603101672 4.205477714538574 0
1730603101741 4.32011079788208 0
1730603101804 4.193334102630615 0
1730603101868 4.212127685546875 0
1730603101933 4.2322001457214355 0
1730603101998 4.163893222808838 0
1730603102063 4.155744552612305 0
1730603102127 4.324127674102783 0
1730603102192 4.1889753341674805 0
1730603102254 4.25541353225708 0
1730603102318 4.203912258148193 0
1730603102381 4.107052803039551 0
1730603102444 4.223587512969971 0
1730603102507 4.383953094482422 0
1730603102570 4.150356292724609 0
1730603102634 4.429432392120361 0
1730603102697 4.090139865875244 0
1730603102758 4.300380229949951 0
1730603102820 4.1988325119018555 0
1730603102887 4.247974872589111 0
1730603102954 4.172778606414795 0
1730603103023 4.219823360443115 0
1730603103277 4.114619731903076 0
1730603103340 4.013269901275635 0
1730603103404 4.181839466094971 0
1730603103469 4.260262489318848 0
1730603103536 4.143294334411621 0
1730603103601 4.298356533050537 0
1730603103667 4.323101043701172 0
1730603103732 4.1124491691589355 0
1730603103795 4.187684059143066 0
1730603103863 4.455187797546387 0
1730603103926 4.3708295822143555 0
1730603103989 4.356252670288086 0
1730603104052 4.430811405181885 0
1730603104117 4.258001327514648 0
1730603104181 4.167468070983887 0
1730603104244 4.390168190002441 0
1730603104307 4.262983322143555 0
1730603104370 3.9903907775878906 0
1730603104434 4.211409091949463 0
1730603104500 4.2222418785095215 0
1730603104564 4.126495838165283 0
1730603104627 4.395580291748047 0
1730603104690 4.229701995849609 0
1730603104753 4.1814351081848145 0
1730603104820 4.2158427238464355 0
1730603104884 4.218874931335449 0
1730603104947 4.486512184143066 0
1730603105010 4.328184604644775 0
1730603105087 4.053587436676025 0
1730603105151 4.031214714050293 0
1730603105222 4.339646816253662 0
1730603105288 4.229484558105469 0
1730603105354 4.143399715423584 0
1730603105419 4.212334156036377 0
1730603105483 4.188311576843262 0
1730603105551 4.419606685638428 0
1730603105615 4.281775951385498 0
1730603105679 4.151597499847412 0
1730603105743 4.463935852050781 0
1730603105808 4.255653381347656 0
1730603105870 4.212920665740967 0
1730603105935 4.190696716308594 0
1730603105999 4.528199195861816 0
1730603106070 4.1506733894348145 0
1730603106134 4.163699626922607 0
1730603106197 4.177446365356445 0
1730603106260 4.100156307220459 0
1730603106323 4.23353385925293 0
1730603106387 4.130067825317383 0
1730603106451 4.311714172363281 0
1730603106514 4.244969844818115 0
1730603106577 4.220023155212402 0
1730603106641 4.1220550537109375 0
1730603106705 4.241900444030762 0
1730603106768 4.458789348602295 0
1730603106831 4.390472412109375 0
1730603106894 4.2914204597473145 0
1730603106958 4.337496280670166 0
1730603107021 4.2470831871032715 0
1730603107085 4.66290283203125 0
1730603107148 4.34467887878418 0
1730603107213 4.312831878662109 0
1730603107277 4.357193470001221 0
1730603107341 4.158786773681641 0
1730603107604 4.1568098068237305 0
1730603107669 4.275933265686035 0
1730603107732 4.240599155426025 0
1730603107795 4.553600788116455 0
1730603107857 4.286426067352295 0
1730603107921 4.229481220245361 0
1730603107984 4.301759243011475 0
1730603108049 4.249852180480957 0
1730603108113 4.206035614013672 0
1730603108176 4.2308831214904785 0
1730603108240 4.291413307189941 0
1730603108303 4.221072673797607 0
1730603108599 4.302165985107422 0
1730603108663 4.343954086303711 0
1730603108725 4.1899943351745605 0
1730603108788 4.200091361999512 0
1730603108852 4.3221306800842285 0
1730603108915 4.243683338165283 0
1730603108978 4.15756368637085 0
1730603109042 4.290304660797119 0
1730603109106 4.171389102935791 0
1730603109356 4.156355381011963 0
1730603109420 4.268126487731934 0
1730603109484 4.239234447479248 0
1730603109548 4.233989238739014 0
1730603109612 4.218606472015381 0
1730603109682 4.186280250549316 0
1730603109750 4.304737567901611 0
1730603109823 4.166287899017334 0
1730603109888 4.295761585235596 0
1730603109952 4.220852851867676 0
1730603110016 4.187297821044922 0
1730603110081 4.1240925788879395 0
1730603110145 4.165032863616943 0
1730603110284 4.239428520202637 0
1730603110348 4.292808532714844 0
1730603110417 4.297646999359131 0
1730603110487 4.248023986816406 0
1730603110552 4.320328235626221 0
1730603110616 4.208324432373047 0
1730603110680 4.223506927490234 0
1730603110927 4.333154678344727 0
1730603110990 4.168285369873047 0
1730603111054 4.165143013000488 0
1730603111117 4.215754985809326 0
1730603111181 4.251393795013428 0
1730603111243 4.314762592315674 0
1730603111306 4.197207927703857 0
1730603111369 4.210384368896484 0
1730603111434 4.243782997131348 0
1730603111499 4.211485862731934 0
1730603111565 4.5288496017456055 0
1730603111630 4.240512371063232 0
1730603111694 4.232865810394287 0
1730603111759 4.265542984008789 0
1730603111823 4.214364528656006 0
1730603111887 4.295414447784424 0
1730603111954 4.157032489776611 0
1730603112022 4.231510162353516 0
1730603112099 4.149969100952148 0
1730603112164 4.2480268478393555 0
1730603112228 4.324016094207764 0
1730603112291 4.211050510406494 0
1730603112354 4.187673568725586 0
1730603112419 4.204477787017822 0
1730603112483 4.123315334320068 0
1730603112547 4.257705211639404 0
1730603112616 4.215115547180176 0
1730603112679 4.223137855529785 0
1730603112742 4.249826431274414 0
1730603112805 4.231858253479004 0
1730603112868 4.332364559173584 0
1730603112932 4.340507507324219 0
1730603112997 4.28290319442749 0
1730603113068 4.123435020446777 0
1730603113134 4.177746772766113 0
1730603113199 4.21588134765625 0
1730603113269 4.287830352783203 0
1730603113335 4.209076404571533 0
1730603113400 4.282882213592529 0
1730603113465 4.333710670471191 0
1730603113529 4.141083717346191 0
1730603113592 4.095102310180664 0
1730603113655 4.217104911804199 0
1730603113720 4.151636123657227 0
1730603113785 4.15765380859375 0
1730603113850 4.290319919586182 0
1730603113916 4.2691826820373535 0
1730603113982 4.248486518859863 0
1730603114048 4.083494186401367 0
1730603114113 4.132807731628418 0
1730603114178 4.233097076416016 0
1730603114248 4.207033157348633 0
1730603114317 4.190838813781738 0
1730603114386 4.359829902648926 0
1730603114449 4.459829807281494 0
1730603114514 4.269557952880859 0
1730603114577 4.139521598815918 0
1730603114642 4.075672149658203 0
1730603114705 4.193256855010986 0
1730603114770 4.2805585861206055 0
1730603114834 4.150269031524658 0
1730603114899 4.1089019775390625 0
1730603114963 4.028512001037598 0
1730603115027 4.056727409362793 0
1730603115092 4.527092456817627 0
1730603115155 4.0993146896362305 0
1730603115220 4.390632629394531 0
1730603115286 4.380180358886719 0
1730603115351 4.17244291305542 0
1730603115416 4.308530807495117 0
1730603115483 3.9139490127563477 0
1730603115549 4.135169506072998 0
1730603115614 4.192935466766357 0
1730603115680 4.605479717254639 0
1730603115745 4.224882125854492 0
1730603115809 3.9394478797912598 0
1730603115874 4.006298065185547 0
1730603115939 4.182488441467285 0
1730603116004 4.328192710876465 0
1730603116082 4.018683910369873 0
1730603116147 4.265954971313477 0
1730603116212 4.2501959800720215 0
1730603116276 4.46814489364624 0
1730603116340 4.436901092529297 0
1730603116404 3.828721284866333 0
1730603116472 4.590646266937256 0
1730603116541 4.272748947143555 0
1730603116610 4.3468523025512695 0
1730603116674 4.658283710479736 0
1730603116738 4.497416973114014 0
1730603116802 4.19437313079834 0
1730603116867 4.246129035949707 0
1730603116931 4.202610015869141 0
1730603116994 4.154563903808594 0
1730603117061 4.384718894958496 0
1730603117124 4.313190937042236 0
1730603117187 4.306520938873291 0
1730603117250 4.153290271759033 0
1730603117314 4.237487316131592 0
1730603117376 4.177821636199951 0
1730603117441 4.038906574249268 0
1730603117509 4.261511325836182 0
1730603117574 4.333603382110596 0
1730603117639 4.225724697113037 0
1730603117702 4.159178256988525 0
1730603117766 4.1847920417785645 0
1730603117829 4.609034538269043 0
1730603117892 4.0889153480529785 0
1730603117957 4.520893573760986 0
1730603118021 4.123197555541992 0
1730603118084 4.252615451812744 0
1730603118149 4.351878643035889 0
1730603118212 4.240203380584717 0
1730603118275 4.024713039398193 0
1730603118338 4.022652626037598 0
1730603118401 4.334868907928467 0
1730603118465 4.209512233734131 0
1730603118529 4.411411285400391 0
1730603118592 4.551037311553955 0
1730603118655 4.259589195251465 0
1730603118721 4.261972904205322 0
1730603118791 4.214729309082031 0
1730603118860 4.000338554382324 0
1730603118923 4.306051254272461 0
1730603118987 4.148858070373535 0
1730603119050 4.517203330993652 0
1730603119114 4.200997829437256 0
1730603119176 4.310468673706055 0
1730603119240 4.454421043395996 0
1730603119303 4.199972152709961 0
1730603119367 4.250900745391846 0
1730603119429 4.173208713531494 0
1730603119492 4.154896259307861 0
1730603119556 4.312892913818359 0
1730603119620 4.163033962249756 0
1730603119683 4.412924766540527 0
1730603119746 4.488131523132324 0
1730603119809 4.223419666290283 0
1730603119872 4.4659271240234375 0
1730603119936 4.302062511444092 0
1730603120000 4.205781936645508 0
1730603120070 4.190554618835449 0
1730603120134 4.281545162200928 0
1730603120198 4.265280723571777 0
1730603120262 4.186452388763428 0
1730603120325 4.255833625793457 0
1730603120394 4.1325249671936035 0
1730603120458 4.42934513092041 0
1730603120521 4.241617679595947 0
1730603120586 4.1402130126953125 0
1730603120650 4.2557053565979 0
1730603120714 4.197995185852051 0
1730603120778 4.175675868988037 0
1730603120841 4.211645126342773 0
1730603120904 4.417423725128174 0
1730603120972 4.190663814544678 0
1730603121046 4.378494739532471 0
1730603121124 4.470263957977295 0
1730603121188 4.167247772216797 0
1730603121253 4.196342945098877 0
1730603121318 4.206814289093018 0
1730603121382 4.149352073669434 0
1730603121445 4.2372846603393555 0
1730603121511 4.131472110748291 0
1730603121577 4.092219829559326 0
1730603121640 4.196972846984863 0
1730603121704 4.204028129577637 0
1730603121768 4.371673583984375 0
1730603121832 4.168227195739746 0
1730603121896 4.123129844665527 0
1730603121961 4.174585819244385 0
1730603122025 4.116117477416992 0
1730603122091 4.156900405883789 0
1730603122157 4.240478515625 0
1730603122222 4.246954441070557 0
1730603122287 4.215569496154785 0
1730603122352 4.336276531219482 0
1730603122416 4.216436862945557 0
1730603122480 4.243010520935059 0
1730603122544 4.0745978355407715 0
1730603122607 4.335333824157715 0
1730603122670 4.555998802185059 0
1730603122959 4.099448204040527 0
1730603123022 4.1694416999816895 0
1730603123086 4.131782531738281 0
1730603123150 4.371598243713379 0
1730603123217 4.101759433746338 0
1730603123286 4.029991149902344 0
1730603123355 4.339517593383789 0
1730603123493 4.183938026428223 0
1730603123556 4.224587440490723 0
1730603123622 4.267270088195801 0
1730603123690 4.140115737915039 0
1730603123754 4.191715717315674 0
1730603123818 4.1872477531433105 0
1730603123882 4.39918327331543 0
1730603123949 4.248767375946045 0
1730603124012 4.331583499908447 0
1730603124186 4.197507381439209 0
1730603124290 4.121128559112549 0
1730603124449 4.183093070983887 0
1730603124613 4.361411094665527 0
1730603124698 4.328664779663086 0
1730603124807 4.145323276519775 0
1730603124876 4.194217681884766 0
1730603124941 4.4299163818359375 0
1730603125006 4.054838180541992 0
1730603125080 4.33419132232666 0
1730603125151 4.336292743682861 0
1730603125533 4.124502658843994 0
1730603125733 4.166048049926758 0
1730603125823 4.3141984939575195 0
1730603125908 4.174235820770264 0
1730603125972 4.1414875984191895 0
1730603126044 4.15748405456543 0
1730603126236 4.568843841552734 0
1730603126404 4.119045734405518 0
1730603126509 4.518296718597412 0
1730603126590 4.177750587463379 0
1730603126671 4.453859806060791 0
1730603126766 4.188290596008301 0
1730603126966 4.333413600921631 0
1730603127052 4.169908046722412 0
1730603127119 4.2832112312316895 0
1730603127196 4.440578460693359 0
1730603127262 4.117333889007568 0
1730603127325 4.447646617889404 0
1730603127388 4.263763427734375 0
1730603127452 4.25304651260376 0
1730603127516 4.1561455726623535 0
1730603127581 4.130988121032715 0
1730603127646 4.398547172546387 0
1730603127710 4.370335102081299 0
1730603127774 4.118633270263672 0
1730603127840 4.255606174468994 0
1730603127905 4.298630237579346 0
1730603127974 4.387744426727295 0
1730603128049 4.248081207275391 0
1730603128118 4.208941459655762 0
1730603128183 4.369146823883057 0
1730603128248 4.483678817749023 0
1730603128312 4.146542072296143 0
1730603128375 4.1407246589660645 0
1730603128439 4.3181962966918945 0
1730603128503 4.25322151184082 0
1730603128748 4.14902925491333 0
1730603128811 4.2064595222473145 0
1730603128874 4.147875785827637 0
1730603128937 4.154015064239502 0
1730603129001 4.205853462219238 0
1730603129064 4.199755668640137 0
1730603129128 4.20338249206543 0
1730603129191 4.293124675750732 0
1730603129254 4.290643692016602 0
1730603129318 4.141060829162598 0
1730603129383 4.284337520599365 0
1730603129447 4.221337795257568 0
1730603129510 4.202899932861328 0
1730603129572 4.143567085266113 0
1730603129636 4.2140703201293945 0
1730603129699 4.20121431350708 0
1730603129763 4.363796710968018 0
1730603129825 4.184272766113281 0
1730603129888 4.152034282684326 0
1730603129954 4.355835914611816 0
1730603130018 4.325606822967529 0
1730603130082 4.22239875793457 0
1730603130146 4.361744403839111 0
1730603130211 4.118851661682129 0
1730603130280 4.300317287445068 0
1730603130349 4.195113658905029 0
1730603130414 4.254812717437744 0
1730603130477 4.237659454345703 0
1730603130540 4.3222784996032715 0
1730603130603 4.163416385650635 0
1730603130666 4.158716678619385 0
1730603130729 4.361443996429443 0
1730603130792 4.149570465087891 0
1730603130854 4.192972660064697 0
1730603130917 4.394089698791504 0
1730603130981 4.2731547355651855 0
1730603131047 4.165768146514893 0
1730603131116 4.280029773712158 0
1730603131180 4.156369209289551 0
1730603131243 4.138040542602539 0
1730603131308 4.182709693908691 0
1730603131375 4.190812110900879 0
1730603131437 4.1773552894592285 0
1730603131507 4.180723667144775 0
1730603131593 4.179264068603516 0
1730603131669 4.294795989990234 0
1730603131732 4.332634449005127 0
1730603131796 4.095003128051758 0
1730603131860 4.218897342681885 0
1730603131925 4.174365043640137 0
1730603131987 4.141952991485596 0
1730603132050 4.250683784484863 0
1730603132114 4.160635471343994 0
1730603132176 4.443291664123535 0
1730603132239 4.384578227996826 0
1730603132484 4.112644195556641 0
1730603132557 4.348758697509766 0
1730603132631 4.168741226196289 0
1730603132696 4.259406089782715 0
1730603132760 4.220484733581543 0
1730603132823 4.288184642791748 0
1730603132886 4.335318565368652 0
1730603132949 4.236119747161865 0
1730603133013 4.295673847198486 0
1730603133076 4.280520915985107 0
1730603133140 4.294737339019775 0
1730603133204 4.277913570404053 0
1730603133268 4.25008487701416 0
1730603133332 4.338191509246826 0
1730603133394 4.259148597717285 0
1730603133456 4.0971784591674805 0
1730603133530 4.331257343292236 0
1730603133610 4.286260604858398 0
1730603133682 4.138610363006592 0
1730603133745 4.2408127784729 0
1730603133807 4.334191799163818 0
1730603133869 4.135602951049805 0
1730603133932 4.311146259307861 0
1730603133995 4.1499128341674805 0
1730603134060 4.354972839355469 0
1730603134123 4.32209587097168 0
1730603134186 4.139742851257324 0
1730603134249 4.353907108306885 0
1730603134312 4.207538604736328 0
1730603134374 4.186107635498047 0
1730603134436 4.214924335479736 0
1730603134499 4.346848964691162 0
1730603134566 4.343722343444824 0
1730603134630 4.2771806716918945 0
1730603134696 4.285933494567871 0
1730603134765 4.329810619354248 0
1730603134831 4.325263500213623 0
1730603134899 4.227116584777832 0
1730603134964 4.131661891937256 0
1730603135028 4.2225117683410645 0
1730603135091 4.180892467498779 0
1730603135153 4.173666000366211 0
1730603135217 4.139638423919678 0
1730603135279 4.322315216064453 0
1730603135342 4.235219478607178 0
1730603135405 4.1648101806640625 0
1730603135467 4.119321823120117 0
1730603135531 4.300500392913818 0
1730603135593 4.160571575164795 0
1730603135656 4.274601936340332 0
1730603135719 4.226766586303711 0
1730603135781 4.253292560577393 0
1730603135844 4.207342147827148 0
1730603135906 4.216533184051514 0
1730603135968 4.183140277862549 0
1730603136031 4.337774753570557 0
1730603136095 4.247202396392822 0
1730603136158 4.216143608093262 0
1730603136219 4.15562629699707 0
1730603136282 4.2904791831970215 0
1730603136564 4.214167594909668 0
1730603136626 4.093969345092773 0
1730603136689 4.287430763244629 0
1730603136751 4.1694464683532715 0
1730603136814 4.206247806549072 0
1730603136876 4.265705585479736 0
1730603136943 4.110869884490967 0
1730603137009 4.216259479522705 0
1730603137077 4.17932653427124 0
1730603137142 4.309053421020508 0
1730603137204 4.262998580932617 0
1730603137266 4.142746925354004 0
1730603137330 4.378499984741211 0
1730603137566 4.251811504364014 0
1730603137629 4.2964935302734375 0
1730603137692 4.24672269821167 0
1730603137755 4.239117622375488 0
1730603137818 4.229948997497559 0
1730603137882 4.224692344665527 0
1730603137945 4.253884315490723 0
1730603138008 4.245833873748779 0
1730603138116 4.245257377624512 0
1730603138179 4.270020484924316 0
1730603138241 4.272036075592041 0
1730603138303 4.179143905639648 0
1730603138441 4.191598415374756 0
1730603138504 4.3724541664123535 0
1730603138576 4.136185646057129 0
1730603138648 4.083712100982666 0
1730603138712 4.233329772949219 0
1730603138774 4.1592793464660645 0
1730603138837 4.118884086608887 0
1730603138900 4.167954444885254 0
1730603138963 4.196882724761963 0
1730603139024 4.401923656463623 0
1730603139088 4.083039283752441 0
1730603139150 4.164031982421875 0
1730603139217 4.0506591796875 0
1730603139286 4.393241882324219 0
1730603139352 4.268859386444092 0
1730603139416 4.385583400726318 0
1730603139478 4.089257717132568 0
1730603139540 4.365357875823975 0
1730603139602 4.098833084106445 0
1730603139665 4.401677131652832 0
1730603139728 4.432332992553711 0
1730603139790 4.192220211029053 0
1730603139853 4.509150981903076 0
1730603139915 4.127877712249756 0
1730603139978 4.154170513153076 0
1730603140041 4.4605393409729 0
1730603140104 4.486471652984619 0
1730603140168 4.300321578979492 0
1730603140230 4.251950740814209 0
1730603140293 4.201086521148682 0
1730603140356 4.255370140075684 0
1730603140424 4.286241054534912 0
1730603140487 4.060441017150879 0
1730603140550 4.208706855773926 0
1730603140613 4.400895118713379 0
1730603140675 4.198764324188232 0
1730603140737 4.355525493621826 0
1730603140800 4.2336883544921875 0
1730603140862 4.207221508026123 0
1730603140925 4.2356390953063965 0
1730603140987 4.231986999511719 0
1730603141050 4.192931652069092 0
1730603141112 4.338994026184082 0
1730603141175 4.187775611877441 0
1730603141238 4.366594314575195 0
1730603141300 4.177665710449219 0
1730603141363 4.295321464538574 0
1730603141426 4.280669689178467 0
1730603141493 4.144708156585693 0
1730603141559 4.355684280395508 0
1730603141635 4.0881757736206055 0
1730603141697 4.074913024902344 0
1730603141760 4.212785720825195 0
1730603141823 4.321664333343506 0
1730603141886 4.292891979217529 0
1730603141949 4.310792922973633 0
1730603142012 4.33525276184082 0
1730603142076 4.135286808013916 0
1730603142141 4.3061981201171875 0
1730603142204 4.132998466491699 0
1730603142267 4.150871276855469 0
1730603142331 4.235340595245361 0
1730603142394 4.226244926452637 0
1730603142458 4.093868732452393 0
1730603142520 4.228041172027588 0
1730603142584 4.091632843017578 0
1730603142648 4.2141313552856445 0
1730603142881 4.1957879066467285 0
1730603142945 4.227723121643066 0
1730603143010 4.367385387420654 0
1730603143076 4.1344523429870605 0
1730603143141 4.227458953857422 0
1730603143206 4.312826633453369 0
1730603143270 4.265715599060059 0
1730603143333 4.222988605499268 0
1730603143396 4.307307243347168 0
1730603143457 4.145207405090332 0
1730603143520 4.2038350105285645 0
1730603143584 4.100152492523193 0
1730603143648 4.171684265136719 0
1730603143715 4.267401695251465 0
1730603143784 4.206058979034424 0
1730603143852 4.112558364868164 0
1730603143916 4.148388862609863 0
1730603143978 4.262596607208252 0
1730603144042 4.2217841148376465 0
1730603144105 4.351574420928955 0
1730603144168 4.035451412200928 0
1730603144232 4.298758506774902 0
1730603144295 4.17796516418457 0
1730603144357 4.191075325012207 0
1730603144419 4.183446884155273 0
1730603144482 4.36494779586792 0
1730603144545 4.055574417114258 0
1730603144607 4.404590129852295 0
1730603144670 4.334301471710205 0
1730603144734 4.256684303283691 0
1730603144799 4.156351566314697 0
1730603145037 4.301798343658447 0
1730603145111 4.211373805999756 0
1730603145174 4.222835063934326 0
1730603145237 4.209969997406006 0
1730603145301 4.319733142852783 0
1730603145366 4.37652587890625 0
1730603145430 4.1334547996521 0
1730603145492 4.291932582855225 0
1730603145556 4.365509033203125 0
1730603145619 4.360692977905273 0
1730603145682 4.306332588195801 0
1730603145745 4.210609436035156 0
1730603145808 4.209338188171387 0
1730603145870 4.112969875335693 0
1730603145934 4.203885555267334 0
1730603146002 4.145309925079346 0
1730603146285 4.224179744720459 0
1730603146348 4.150556564331055 0
1730603146410 4.320664405822754 0
1730603146473 4.186795711517334 0
1730603146535 4.393526077270508 0
1730603146598 4.138617515563965 0
1730603146661 4.2164788246154785 0
1730603146722 4.2139668464660645 0
1730603146785 4.280440330505371 0
1730603146848 4.090458869934082 0
1730603146910 4.205528259277344 0
1730603146972 4.303606033325195 0
1730603147036 4.262626647949219 0
1730603147099 4.183180809020996 0
1730603147162 4.3629231452941895 0
1730603147232 4.236248970031738 0
1730603147294 4.218389511108398 0
1730603147356 4.192701816558838 0
1730603147418 4.0794572830200195 0
1730603147481 4.094552040100098 0
1730603147545 4.218596935272217 0
1730603147607 4.192914962768555 0
1730603147669 4.190945625305176 0
1730603147733 4.355258464813232 0
1730603147795 4.345765590667725 0
1730603147857 4.339573383331299 0
1730603147919 4.3050360679626465 0
1730603147982 4.303433418273926 0
1730603148045 4.3632001876831055 0
1730603148107 4.251481056213379 0
1730603148170 4.13704776763916 0
1730603148236 4.323862552642822 0
1730603148302 4.180169105529785 0
1730603148369 4.20212984085083 0
1730603148432 4.233905792236328 0
1730603148494 4.23101282119751 0
1730603148555 4.621226787567139 0
1730603148617 4.269499778747559 0
1730603148679 4.358165740966797 0
1730603148741 4.180614948272705 0
1730603148802 4.290468692779541 0
1730603148865 4.333637714385986 0
1730603148928 4.188665866851807 0
1730603148989 4.28054666519165 0
1730603149063 4.275949001312256 0
1730603149126 4.138988971710205 0
1730603149187 4.101352691650391 0
1730603149251 4.188621997833252 0
1730603149314 4.197030067443848 0
1730603149377 4.200413227081299 0
1730603149439 4.131582736968994 0
1730603149502 4.212548732757568 0
1730603149566 4.305440425872803 0
1730603149629 4.333221912384033 0
1730603149691 4.301095485687256 0
1730603149753 4.253633499145508 0
1730603149815 4.211421966552734 0
1730603149879 4.166769504547119 0
1730603149942 4.162887096405029 0
1730603150004 4.11991548538208 0
1730603150069 4.082190036773682 0
1730603150132 4.160029411315918 0
1730603150194 4.298144340515137 0
1730603150255 4.191948413848877 0
1730603150317 4.171691417694092 0
1730603150379 4.294410705566406 0
1730603150445 4.06641149520874 0
1730603150512 4.2569379806518555 0
1730603150577 4.335275173187256 0
1730603150644 4.2014617919921875 0
1730603150705 4.1707892417907715 0
1730603150768 4.239414691925049 0
1730603150831 4.221643447875977 0
1730603150893 4.261300086975098 0
1730603150956 4.300628185272217 0
1730603151018 4.136953830718994 0
1730603151083 4.203711032867432 0
1730603151146 4.200963973999023 0
1730603151209 4.344586372375488 0
1730603151272 4.330704212188721 0
1730603151335 4.235495567321777 0
1730603151420 4.105167388916016 0
1730603151603 4.34035062789917 0
1730603151692 4.275397300720215 0
1730603151790 4.101053237915039 0
1730603151862 4.309055328369141 0
1730603151926 4.167083740234375 0
1730603152000 4.3159966468811035 0
1730603152086 4.32698917388916 0
1730603152152 4.2703328132629395 0
1730603152217 4.209913730621338 0
1730603152287 4.200450897216797 0
1730603152357 4.199929714202881 0
1730603152429 4.379109859466553 0
1730603152494 4.2059197425842285 0
1730603152558 4.235219478607178 0
1730603152623 4.277090549468994 0
1730603152690 4.231093883514404 0
1730603152769 4.229244709014893 0
1730603152837 4.2961039543151855 0
1730603152905 4.269030570983887 0
1730603152970 4.225383281707764 0
1730603153257 4.228836536407471 0
1730603153320 4.201104164123535 0
1730603153383 4.3095622062683105 0
1730603153449 4.278439998626709 0
1730603153518 4.276241302490234 0
1730603153582 4.297748565673828 0
