1730572209611 4.1986165046691895 0
1730572229724 4.211841583251953 0
1730572249782 4.173181056976318 0
1730572269846 4.225083351135254 0
1730572290026 4.198166847229004 0
1730572310494 4.2131171226501465 0
1730572333131 4.178969860076904 0
1730572355389 4.186230182647705 0
1730572380583 4.192742347717285 0
1730572407470 4.173399448394775 0
1730572425754 4.161331653594971 0
1730572444238 4.233253479003906 0
1730572462499 4.189373970031738 0
1730572480749 4.196756362915039 0
1730572498943 4.165650367736816 0
1730572517171 4.180805206298828 0
1730572536218 4.195298194885254 0
1730572554760 4.19700288772583 0
1730572572935 4.154172420501709 0
1730572591378 4.123632907867432 0
1730572609489 4.166603088378906 0
1730572627733 4.173659801483154 0
1730572646058 4.194870948791504 0
1730572664413 4.169613361358643 0
1730572682575 4.181306838989258 0
1730572700915 4.191538333892822 0
1730572719104 4.171714782714844 0
1730572737276 4.163388729095459 0
1730572755462 4.186755180358887 0
1730572773665 4.1535820960998535 0
1730572792221 4.13217830657959 0
1730572810373 4.069083213806152 0
1730572828696 4.119535446166992 0
1730572846905 4.165228366851807 0
1730572865065 4.126466274261475 0
1730572883274 4.15446138381958 0
1730572901485 4.084782600402832 0
1730572919706 4.0836567878723145 0
1730572938021 4.124093532562256 0
1730572956449 4.096424579620361 0
1730572974647 4.0871453285217285 0
1730572992817 4.142683982849121 0
1730573011091 4.030622959136963 0
1730573029381 4.117028713226318 0
1730573047595 4.110565662384033 0
1730573065775 4.03841495513916 0
1730573084005 4.057533264160156 0
1730573102188 4.071906089782715 0
1730573120422 4.105855464935303 0
1730573138592 4.060712814331055 0
1730573156747 4.108249664306641 0
1730573175103 4.04777193069458 0
1730573193297 4.002803802490234 0
1730573211509 3.9763383865356445 0
1730573229657 4.006169319152832 0
1730573247823 3.9828155040740967 0
1730573266360 4.072509765625 0
1730573284583 4.057309627532959 0
1730573302829 3.978980302810669 0
1730573321105 3.981757879257202 0
1730573339245 4.005268573760986 0
1730573357431 4.006220817565918 0
1730573375671 3.967863082885742 0
1730573393854 3.986333131790161 0
1730573412090 4.01016092300415 0
1730573430485 3.9924204349517822 0
1730573448654 4.035894393920898 0
1730573466826 3.9768452644348145 0
1730573485181 3.935941696166992 0
1730573503947 3.9412736892700195 0
1730573522236 3.953977584838867 0
1730573540434 4.006599426269531 0
1730573558906 3.8635659217834473 0
1730573577078 3.886247396469116 0
1730573595311 3.88944673538208 0
1730573613599 3.867173910140991 0
1730573631798 3.831416606903076 0
1730573649952 3.9578306674957275 0
1730573668271 3.774341106414795 0
1730573686460 3.770747661590576 0
1730573704598 3.8437793254852295 0
1730573722746 3.767274856567383 0
1730573741069 3.7764737606048584 0
1730573759330 3.5814757347106934 0
1730573777588 3.7151594161987305 0
1730573796592 3.7080283164978027 0
1730573814795 3.791224241256714 0
1730573832985 3.6353940963745117 0
1730573851427 3.491528034210205 0
1730573869642 3.7089028358459473 0
1730573887813 3.6624512672424316 0
1730573906171 3.7369730472564697 0
1730573924325 3.5793864727020264 0
1730573942539 3.576399803161621 0
1730573960724 3.564697265625 0
1730573979033 3.579029083251953 0
1730573997197 3.6585612297058105 0
1730574015411 3.6357147693634033 0
1730574033693 3.6001698970794678 0
1730574051841 3.629682779312134 0
1730574070005 3.5822010040283203 0
1730574088265 3.6116793155670166 0
1730574106517 3.70381498336792 0
1730574124783 3.5952908992767334 0
1730574142949 3.5009310245513916 0
1730574161341 3.6145501136779785 0
1730574179527 3.5851869583129883 0
1730574197831 3.515735149383545 0
1730574216064 3.6906633377075195 0
1730574234332 3.574897050857544 0
1730574252514 3.570817708969116 0
1730574270721 3.5623350143432617 0
1730574288963 3.6531822681427 0
1730574307100 3.5058584213256836 0
1730574325304 3.5290658473968506 0
1730574343511 3.4664766788482666 0
1730574361631 3.4900145530700684 0
1730574379808 3.474790096282959 0
1730574398107 3.591794729232788 0
1730574416499 3.552732467651367 0
1730574434621 3.3997952938079834 0
1730574453199 3.4373137950897217 0
1730574471407 3.5004820823669434 0
1730574489679 3.3175065517425537 0
1730574507993 3.4583652019500732 0
1730574526197 3.4182839393615723 0
1730574544419 3.407284736633301 0
1730574562587 3.3480913639068604 0
1730574580815 3.4372317790985107 0
1730574598993 3.4206206798553467 0
1730574617220 3.3855254650115967 0
1730574635418 3.2212841510772705 0
1730574653566 3.3259055614471436 0
1730574671742 3.361098289489746 0
1730574689958 3.2768218517303467 0
1730574708207 3.4233644008636475 0
1730574726429 3.4216949939727783 0
1730574744596 3.2009646892547607 0
1730574763192 3.3723325729370117 0
1730574781390 3.3602263927459717 0
1730574799523 3.2229440212249756 0
1730574817837 3.230464458465576 0
1730574836076 3.317509174346924 0
1730574854286 3.3118042945861816 0
1730574872490 3.3411192893981934 0
1730574890638 3.4219179153442383 0
1730574908886 3.3175060749053955 0
1730574927189 3.076084613800049 0
1730574945373 3.3876099586486816 0
1730574963543 3.1447176933288574 0
1730574981887 3.2760469913482666 0
1730575004007 3.2081565856933594 0
1730575030559 3.3077616691589355 0
1730575057884 3.2661614418029785 0
1730575079972 3.3163342475891113 0
1730575099919 3.1596426963806152 0
1730575119923 3.341320753097534 0
1730575139691 3.15238618850708 0
1730575159489 3.1546409130096436 0
1730575179403 3.2425825595855713 0
1730575199332 3.217741012573242 0
1730575219143 2.9786152839660645 0
1730575239130 3.123106002807617 0
1730575258891 3.0973713397979736 0
1730575278665 3.034452438354492 0
1730575298907 2.886913776397705 0
1730575318767 3.070363998413086 0
1730575338699 3.0377037525177 0
1730575358978 3.018038272857666 0
1730575380932 2.952486276626587 0
1730575402937 3.0329489707946777 0
1730575432767 2.9625823497772217 0
1730575457527 3.065385580062866 0
1730575476242 3.0278420448303223 0
1730575494637 3.0302534103393555 0
1730575512855 2.9198973178863525 0
1730575531551 2.914574384689331 0
1730575549723 2.828127384185791 0
1730575568244 2.8726284503936768 0
1730575586667 2.8486757278442383 0
1730575604842 2.9410648345947266 0
1730575623067 2.719322919845581 0
1730575641253 2.7263295650482178 0
1730575659715 2.9040048122406006 0
1730575677920 2.786003351211548 0
1730575696269 2.6681013107299805 0
1730575714632 2.9159302711486816 0
1730575732789 2.7579689025878906 0
1730575750940 2.807112455368042 0
1730575769148 2.911555767059326 0
1730575787394 2.835094928741455 0
1730575805615 2.7685739994049072 0
1730575823806 2.5987160205841064 0
1730575842054 2.6235737800598145 0
1730575860232 2.5755767822265625 0
1730575878371 2.63677978515625 0
1730575896575 2.745939254760742 0
1730575914774 2.5663280487060547 0
1730575933017 2.810462236404419 0
1730575951518 2.6150004863739014 0
1730575969875 2.6462464332580566 0
1730575988140 2.586092948913574 0
1730576006395 2.3943493366241455 0
1730576024571 2.7077443599700928 0
1730576042764 2.7793595790863037 0
1730576061136 2.5791327953338623 0
1730576079365 2.7367217540740967 0
1730576097548 2.3494672775268555 0
1730576115870 2.3664493560791016 0
1730576135001 2.362185001373291 0
1730576153192 2.5335288047790527 0
1730576171779 2.5067451000213623 0
1730576190092 2.6162850856781006 0
1730576208278 2.4541733264923096 0
1730576226441 2.534627676010132 0
1730576244708 2.4820492267608643 0
1730576263481 2.4678821563720703 0
1730576281707 2.507779836654663 0
1730576299974 2.4798152446746826 0
1730576318280 2.4080076217651367 0
1730576336436 2.27997088432312 0
1730576354628 2.399844169616699 0
1730576372862 2.3750827312469482 0
1730576391136 2.459254264831543 0
1730576409347 2.287175178527832 0
1730576427576 2.4302029609680176 0
1730576445818 2.4810025691986084 0
1730576464075 2.2116305828094482 0
1730576482448 2.3143270015716553 0
1730576500770 2.0860402584075928 0
1730576519114 2.254103183746338 0
1730576537276 2.395214319229126 0
1730576555688 2.258901834487915 0
1730576573879 2.1753954887390137 0
1730576592002 2.199720621109009 0
1730576610297 2.086050271987915 0
1730576628479 2.223754644393921 0
1730576646723 2.023545980453491 0
1730576665021 2.1035633087158203 0
1730576683167 2.1538994312286377 0
1730576701331 2.1942789554595947 0
1730576719572 2.0956056118011475 0
1730576737822 2.2227728366851807 0
1730576756086 2.22745943069458 0
1730576774424 2.2289018630981445 0
1730576792661 1.9216372966766357 0
1730576810815 1.8969618082046509 0
1730576828931 2.2276194095611572 0
1730576847145 2.1021335124969482 0
1730576865527 2.0758378505706787 0
1730576883682 2.115353584289551 0
1730576901925 1.95453941822052 0
1730576920153 2.2115700244903564 0
1730576938416 2.161794662475586 0
1730576956699 2.0699291229248047 0
1730576974963 1.9965639114379883 0
1730576993255 1.756589651107788 0
1730577011535 2.230844020843506 0
1730577029809 1.72995924949646 0
1730577048100 1.8304111957550049 0
1730577066263 1.6498092412948608 0
1730577084562 2.0303409099578857 0
1730577103452 1.8652352094650269 0
1730577121634 1.8116816282272339 0
1730577139857 2.0126235485076904 0
1730577158347 2.1818573474884033 0
1730577176495 1.835136890411377 0
1730577194685 1.987099051475525 0
1730577219175 1.5021132230758667 0
1730577245934 1.8934611082077026 0
1730577271123 1.937711477279663 0
1730577292436 1.8934556245803833 0
1730577310632 1.6783347129821777 0
1730577329619 1.8940799236297607 0
1730577347887 1.5992920398712158 0
1730577366097 1.7601499557495117 0
1730577384260 2.0921664237976074 0
1730577402439 1.8158578872680664 0
1730577420663 1.7006535530090332 0
1730577438771 1.7932850122451782 0
1730577457328 1.8294028043746948 0
1730577475548 1.6596134901046753 0
1730577494113 1.5593520402908325 0
1730577512350 1.6391420364379883 0
1730577530522 1.831540822982788 0
1730577548664 1.8964523077011108 0
1730577566839 1.6723252534866333 0
1730577584984 1.761095643043518 0
1730577603226 1.6840835809707642 0
1730577621477 1.5407932996749878 0
1730577639654 1.6507259607315063 0
1730577659195 1.683897852897644 0
1730577677389 1.661337971687317 0
1730577695578 1.6150574684143066 0
1730577713710 1.5108100175857544 0
1730577731984 1.4634674787521362 0
1730577750483 1.5158532857894897 0
1730577768543 1.826359748840332 0
1730577786844 1.422074317932129 0
1730577805155 1.5541670322418213 0
1730577823344 1.3398733139038086 0
1730577841592 1.6435651779174805 0
1730577859743 1.6664067506790161 0
1730577877918 1.5678517818450928 0
1730577896249 1.5516928434371948 0
1730577914362 1.7018519639968872 0
1730577932657 1.4923405647277832 0
1730577950812 1.5416263341903687 0
1730577969008 1.4722909927368164 0
1730577987318 1.3875116109848022 0
1730578005457 1.5054997205734253 0
1730578023596 1.300186038017273 0
1730578041701 1.4086778163909912 0
1730578060341 1.4852186441421509 0
1730578078466 1.359102725982666 0
1730578096714 1.4556372165679932 0
1730578114882 1.2783881425857544 0
1730578133033 1.3310028314590454 0
1730578151186 1.1859183311462402 0
1730578169452 1.2893909215927124 0
1730578187624 1.409698486328125 0
1730578205794 1.4505470991134644 0
1730578224129 1.3388426303863525 0
1730578242266 1.3380837440490723 0
1730578260432 1.36445152759552 0
1730578278611 1.1495134830474854 0
1730578296899 1.127729892730713 0
1730578315066 1.5224543809890747 0
1730578333283 1.2861628532409668 0
1730578351767 1.1721771955490112 0
1730578369954 1.2052053213119507 0
1730578388088 1.326507568359375 0
1730578406657 1.134082555770874 0
1730578424928 1.1327149868011475 0
1730578443213 1.245285987854004 0
1730578461397 1.1018991470336914 0
1730578480123 1.2892820835113525 0
1730578498223 1.3812291622161865 0
1730578516400 1.2166268825531006 0
1730578534753 1.32076096534729 0
1730578552923 0.8961597084999084 0
1730578571113 1.141606330871582 0
1730578589354 1.208870530128479 0
1730578607486 1.1568464040756226 0
1730578625649 0.7749677300453186 0
1730578643805 1.1119060516357422 0
1730578662270 1.1608132123947144 0
1730578680597 1.2433526515960693 0
1730578698774 1.0554758310317993 0
1730578716956 1.0053837299346924 0
1730578735105 1.0612611770629883 0
1730578753314 1.0197287797927856 0
1730578771538 1.0719621181488037 0
1730578789798 1.1323797702789307 0
1730578807965 1.275541067123413 0
1730578826147 1.0556752681732178 0
1730578844313 1.134131908416748 0
1730578862560 0.9755747318267822 0
1730578880707 1.1832640171051025 0
1730578899216 0.8855211138725281 0
1730578917424 1.0863966941833496 0
1730578935696 1.0675252676010132 0
1730578954222 1.0146853923797607 0
1730578972359 0.9364863634109497 0
1730578990474 0.8485170602798462 0
1730579008756 1.272127389907837 0
1730579026970 0.9793620109558105 0
1730579045167 1.076053261756897 0
1730579063414 1.144060730934143 0
1730579082336 1.017083764076233 0
1730579100471 0.9337743520736694 0
1730579118604 1.0631766319274902 0
1730579136818 0.8540524244308472 0
1730579154991 0.977907121181488 0
1730579173684 0.8144435286521912 0
1730579191850 0.8417708873748779 0
1730579210285 0.8196700811386108 0
1730579228445 0.9443790912628174 0
1730579246642 0.9975700974464417 0
1730579265423 0.9216893911361694 0
1730579283653 0.8073512315750122 0
1730579303137 0.9742678999900818 0
1730579321351 0.7805702090263367 0
1730579339610 0.8129400014877319 0
1730579357779 0.913275420665741 0
1730579375983 0.8058410882949829 0
1730579394105 0.7675676345825195 0
1730579412358 1.0134121179580688 0
1730579430607 0.8802465200424194 0
1730579448761 0.846343994140625 0
1730579466861 0.8727957010269165 0
1730579485231 0.8712304830551147 0
1730579503475 0.7725510597229004 0
1730579521686 0.8725161552429199 0
1730579539835 0.8610163331031799 0
1730579558320 0.9141840934753418 0
1730579576518 0.7732159495353699 0
1730579594755 0.9268288016319275 0
1730579613052 0.6520885825157166 0
1730579631225 0.7760637402534485 0
1730579649435 0.6697167158126831 0
1730579667669 0.7346768975257874 0
1730579685810 0.8868194818496704 0
1730579703958 0.8402562141418457 0
1730579722190 0.7660959959030151 0
1730579741281 0.7415556907653809 0
1730579759755 0.7490161061286926 0
1730579778005 0.5658223032951355 0
1730579796276 0.7860692739486694 0
1730579814430 0.8836497068405151 0
1730579832593 0.6379671096801758 0
1730579851184 0.8043354749679565 0
1730579869395 0.7649548649787903 0
1730579887571 0.573066234588623 0
1730579905816 0.6779683828353882 0
1730579923986 0.6496912837028503 0
1730579942257 0.6784902215003967 0
1730579960387 0.8704358339309692 0
1730579978611 0.7204907536506653 0
1730579996816 0.661352276802063 0
1730580014992 0.7690857648849487 0
1730580033180 0.7310224175453186 0
1730580051335 0.7104220390319824 0
1730580069499 0.800849974155426 0
1730580087717 0.6633937358856201 0
1730580105980 0.47415122389793396 0
1730580124160 0.6324874758720398 0
1730580142366 0.7753389477729797 0
1730580160952 0.8850292563438416 0
1730580179127 0.9302133321762085 0
1730580197310 0.5564450025558472 0
1730580215656 0.7151072025299072 0
1730580233885 0.7628446817398071 0
1730580252101 0.5839037299156189 0
1730580270361 0.580689013004303 0
1730580288505 0.6875326037406921 0
1730580306651 0.6827495098114014 0
1730580324818 0.7164326906204224 0
1730580342992 0.5659691095352173 0
1730580361236 0.6604323387145996 0
1730580379415 0.47050461173057556 0
1730580397653 0.6748245358467102 0
1730580415833 0.6132948994636536 0
1730580433985 0.567980170249939 0
1730580452386 0.638629138469696 0
1730580470783 0.4896707236766815 0
1730580489044 0.5999254584312439 0
1730580507281 0.8638609051704407 0
1730580525492 0.49982550740242004 0
1730580543743 0.47826477885246277 0
1730580561953 0.6958750486373901 0
1730580580277 0.6471858620643616 0
1730580598488 0.7986089587211609 0
1730580616785 0.7172238826751709 0
1730580634902 0.48460566997528076 0
1730580653045 0.5908106565475464 0
1730580671167 0.5030026435852051 0
1730580689367 0.6260863542556763 0
1730580708401 0.708854079246521 0
1730580726724 0.5488861799240112 0
1730580744983 0.5997776985168457 0
1730580763789 0.5577699542045593 0
1730580782014 0.5048635601997375 0
1730580800195 0.5049150586128235 0
1730580818517 0.5300958752632141 0
1730580836788 0.5683801174163818 0
1730580854967 0.5874104499816895 0
1730580873377 0.48936423659324646 0
1730580891532 0.692791759967804 0
1730580909677 0.5704956650733948 0
1730580928597 0.4549463093280792 0
1730580946827 0.5340351462364197 0
1730580965052 0.6670097708702087 0
1730580983297 0.5089373588562012 0
1730581001498 0.48293593525886536 0
1730581019681 0.6338904500007629 0
1730581037886 0.6058148145675659 0
1730581056478 0.6307576894760132 0
1730581074710 0.6982278823852539 0
1730581092874 0.47992146015167236 0
1730581111187 0.5731930732727051 0
1730581129383 0.6103891730308533 0
1730581147560 0.3875856101512909 0
1730581165798 0.3599680960178375 0
1730581184147 0.6599924564361572 0
1730581202354 0.3781789541244507 0
1730581220509 0.5698949098587036 0
1730581238786 0.5292029976844788 0
1730581256951 0.38984227180480957 0
1730581275085 0.5782841444015503 0
1730581293439 0.39868274331092834 0
1730581311610 0.4015454351902008 0
1730581329743 0.42923876643180847 0
1730581347931 0.4659558832645416 0
1730581366327 0.5318864583969116 0
1730581384539 0.5318722724914551 0
1730581402698 0.6383137702941895 0
1730581420948 0.4762099087238312 0
1730581439142 0.43027955293655396 0
1730581457366 0.3031907379627228 0
1730581475811 0.49288734793663025 0
1730581493955 0.3961173892021179 0
1730581512111 0.5192021131515503 0
1730581530379 0.536750316619873 0
1730581548704 0.23724758625030518 0
1730581566903 0.5215330123901367 0
1730581585143 0.3961079716682434 0
1730581603324 0.47063663601875305 0
1730581621439 0.373615026473999 0
1730581639593 0.6652224659919739 0
1730581658149 0.5523870587348938 0
1730581676973 0.30316025018692017 0
1730581695233 0.4918694794178009 0
1730581713671 0.3699229061603546 0
1730581731888 0.42585161328315735 0
1730581750038 0.4040597081184387 0
1730581768263 0.36549875140190125 0
1730581786538 0.4162139892578125 0
1730581804747 0.4110850393772125 0
1730581823012 0.32023489475250244 0
1730581841222 0.2819085717201233 0
1730581859404 0.526818037033081 0
1730581877545 0.38958629965782166 0
1730581895763 0.476962149143219 0
1730581913962 0.5819759368896484 0
1730581932169 0.4779842495918274 0
1730581950620 0.3877318203449249 0
1730581968728 0.4640344977378845 0
1730581986929 0.56838059425354 0
1730582005202 0.4730968773365021 0
1730582023441 0.3967192471027374 0
1730582041685 0.4140459895133972 0
1730582059876 0.4992729425430298 0
1730582078086 0.3366750478744507 0
1730582096270 0.29353421926498413 0
1730582114453 0.41265472769737244 0
1730582132692 0.5597295761108398 0
1730582150888 0.4265978932380676 0
1730582169049 0.33580973744392395 0
1730582187461 0.5656298995018005 0
1730582205606 0.31972208619117737 0
1730582223720 0.46077507734298706 0
1730582241978 0.40447676181793213 0
1730582260518 0.2966820299625397 0
1730582278645 0.36930227279663086 0
1730582296928 0.41336750984191895 0
1730582315207 0.28138449788093567 0
1730582333323 0.45017868280410767 0
1730582351465 0.20540101826190948 0
1730582369720 0.31270068883895874 0
1730582387902 0.5082323551177979 0
1730582406114 0.3996889591217041 0
1730582424295 0.423505574464798 0
1730582442432 0.41532352566719055 0
1730582460781 0.3422020971775055 0
1730582478930 0.6354435682296753 0
1730582497487 0.4241009056568146 0
1730582517233 0.3900487422943115 0
1730582535514 0.3966284692287445 0
1730582554061 0.3499052822589874 0
1730582572242 0.2767907679080963 0
1730582590391 0.37362655997276306 0
1730582609146 0.23685526847839355 0
1730582627526 0.3941348195075989 0
1730582645679 0.350129097700119 0
1730582663982 0.4129599332809448 0
1730582683030 0.4256395697593689 0
1730582701178 0.3519003093242645 0
1730582719344 0.27589014172554016 0
1730582737683 0.2870599925518036 0
1730582755922 0.36769843101501465 0
1730582774738 0.5888174176216125 0
1730582792940 0.34649303555488586 0
1730582811127 0.4892995357513428 0
1730582829311 0.29644423723220825 0
1730582847529 0.23618067800998688 0
1730582866083 0.4691777229309082 0
1730582884233 0.3398645222187042 0
1730582902540 0.32994672656059265 0
1730582920745 0.36890581250190735 0
1730582938876 0.3416091799736023 0
1730582957293 0.361844539642334 0
1730582975510 0.27519288659095764 0
1730582993713 0.31080231070518494 0
1730583011878 0.2829754948616028 0
1730583030179 0.2962341606616974 0
1730583048296 0.36258432269096375 0
1730583066453 0.2469949573278427 0
1730583084644 0.4396410286426544 0
1730583103077 0.27198511362075806 0
1730583121260 0.28854140639305115 0
1730583139419 0.30679672956466675 0
1730583157892 0.22103822231292725 0
1730583176048 0.48757943511009216 0
1730583194203 0.3833772838115692 0
1730583212466 0.36761653423309326 0
1730583230641 0.45266664028167725 0
1730583248916 0.1832241266965866 0
1730583267164 0.37658053636550903 0
1730583285331 0.3872259557247162 0
1730583303496 0.47015321254730225 0
1730583321821 0.19786745309829712 0
1730583341060 0.27395251393318176 0
1730583359441 0.22251269221305847 0
1730583377842 0.26533010601997375 0
1730583396104 0.30720531940460205 0
1730583414298 0.5245206952095032 0
1730583432455 0.3710440695285797 0
1730583451247 0.343438059091568 0
1730583469467 0.3586457669734955 0
1730583487663 0.20027852058410645 0
1730583505995 0.18288752436637878 0
1730583524136 0.2624702751636505 0
1730583543441 0.44531553983688354 0
1730583561684 0.22755487263202667 0
1730583580475 0.24557188153266907 0
1730583598592 0.2254834622144699 0
1730583616841 0.18670400977134705 0
1730583635093 0.2764303386211395 0
1730583653262 0.2954513728618622 0
1730583671434 0.3570721745491028 0
1730583689623 0.3440900146961212 0
1730583708185 0.28698399662971497 0
1730583726390 0.2574934959411621 0
1730583744684 0.3789026737213135 0
1730583763120 0.300956130027771 0
1730583781218 0.23315860331058502 0
1730583799387 0.29279229044914246 0
1730583817667 0.31979095935821533 0
1730583835945 0.2122657597064972 0
1730583854120 0.24069327116012573 0
1730583872378 0.3242906928062439 0
1730583890594 0.31739404797554016 0
1730583908780 0.3723180294036865 0
1730583927027 0.2742157280445099 0
1730583945424 0.23001526296138763 0
1730583963574 0.33686113357543945 0
1730583981844 0.350671648979187 0
1730583999983 0.20787955820560455 0
1730584018103 0.26632893085479736 0
1730584036258 0.3654671907424927 0
1730584054961 0.20238740742206573 0
1730584073213 0.14917923510074615 0
1730584091451 0.2832147777080536 0
1730584109766 0.19665935635566711 0
1730584127946 0.17331922054290771 0
1730584146120 0.23738443851470947 0
1730584164359 0.21968892216682434 0
1730584182540 0.5110184550285339 0
1730584200850 0.21407462656497955 0
1730584219032 0.2390391230583191 0
1730584237258 0.426467627286911 0
1730584255421 0.35864901542663574 0
1730584273594 0.38904041051864624 0
1730584291884 0.19185930490493774 0
1730584310669 0.34467148780822754 0
1730584328939 0.27722102403640747 0
1730584347183 0.2571853697299957 0
1730584365737 0.262386679649353 0
1730584383936 0.24766147136688232 0
1730584402104 0.1723768413066864 0
1730584420574 0.23861180245876312 0
1730584438754 0.16110940277576447 0
1730584457165 0.14541064202785492 0
1730584475492 0.24293825030326843 0
1730584493712 0.19843120872974396 0
1730584511814 0.0795951709151268 0
1730584530013 0.13252052664756775 0
1730584548198 0.23614411056041718 0
1730584566628 0.23002289235591888 0
1730584584851 0.25589483976364136 0
1730584602948 0.18602947890758514 0
1730584621124 0.3420798182487488 0
1730584639263 0.1973106563091278 0
1730584657790 0.1743963360786438 0
1730584676015 0.2560478150844574 0
1730584694198 0.14605164527893066 0
1730584712466 0.2305021435022354 0
1730584730612 0.18648351728916168 0
1730584748857 0.17540188133716583 0
1730584767074 0.1227530688047409 0
1730584785395 0.22342237830162048 0
1730584803553 0.23840636014938354 0
1730584821826 0.18860545754432678 0
1730584840000 0.1977149397134781 0
1730584858232 0.12498518824577332 0
1730584876386 0.19203579425811768 0
1730584894972 0.09782141447067261 0
1730584913180 0.15512502193450928 0
1730584931385 0.3174595236778259 0
1730584949958 0.14828038215637207 0
1730584968146 0.3189436197280884 0
1730584986257 0.34541693329811096 0
1730585004471 0.24326211214065552 0
1730585022728 0.2494761049747467 0
1730585040959 0.1386888325214386 0
1730585059148 0.15894676744937897 0
1730585077352 0.215015709400177 0
1730585095498 0.19385190308094025 0
1730585113621 0.20474141836166382 0
1730585131945 0.15041311085224152 0
1730585150116 0.1747952252626419 0
1730585168410 0.24766236543655396 0
1730585186817 0.4708559513092041 0
1730585205452 0.2783298194408417 0
1730585223594 0.21449260413646698 0
1730585241825 0.29530948400497437 0
1730585260378 0.1798495650291443 0
1730585278572 0.11977462470531464 0
1730585296783 0.27737364172935486 0
1730585315058 0.1379118710756302 0
1730585333212 0.13585078716278076 0
1730585351353 0.41054585576057434 0
1730585369547 0.22396259009838104 0
1730585387791 0.1892615407705307 0
1730585405951 0.1967688947916031 0
1730585424268 0.28162088990211487 0
1730585442616 0.1897098422050476 0
1730585460873 0.31425467133522034 0
1730585479064 0.14744806289672852 0
1730585497399 0.3584152162075043 0
1730585515572 0.09465786069631577 0
1730585533772 0.36906760931015015 0
1730585552374 0.10538645088672638 0
1730585570545 0.1365465670824051 0
1730585588701 0.14259792864322662 0
1730585607039 0.24883823096752167 0
1730585625405 0.21986603736877441 0
1730585643599 0.11008229851722717 0
1730585661820 0.13334552943706512 0
1730585680029 0.18487153947353363 0
1730585698147 0.14070139825344086 0
1730585716273 0.24386915564537048 0
1730585734525 0.29077890515327454 0
1730585752738 0.27266091108322144 0
1730585771062 0.3280956447124481 0
1730585789471 0.2912355959415436 0
1730585807631 0.23232732713222504 0
1730585825810 0.1959550678730011 0
1730585843955 0.1435185968875885 0
1730585862467 0.07257102429866791 0
1730585880707 0.27036210894584656 0
1730585898906 0.13009236752986908 0
1730585917104 0.14489097893238068 0
1730585935283 0.1874382197856903 0
1730585953463 0.2752685248851776 0
1730585971747 0.19523122906684875 0
1730585989953 0.13123326003551483 0
1730586008201 0.129280686378479 0
1730586026447 0.1261948049068451 0
1730586044591 0.27243074774742126 0
1730586062871 0.17897695302963257 0
1730586081012 0.17832566797733307 0
1730586099702 0.20461198687553406 0
1730586117986 0.20625026524066925 0
1730586136232 0.20295341312885284 0
1730586154727 0.2298862338066101 0
1730586172859 0.42710670828819275 0
1730586191092 0.21974411606788635 0
1730586209396 0.3204372823238373 0
1730586227761 0.1996573656797409 0
1730586245977 0.3328123688697815 0
1730586264299 0.26549819111824036 0
1730586283183 0.13259769976139069 0
1730586301351 0.3018699288368225 0
1730586319486 0.37036389112472534 0
1730586337998 0.3401927649974823 0
1730586356224 0.14885051548480988 0
1730586374765 0.16222164034843445 0
1730586393020 0.15164484083652496 0
1730586411189 0.12088988721370697 0
1730586429377 0.11908213794231415 0
1730586447775 0.07720109075307846 0
1730586466325 0.13477402925491333 0
1730586484521 0.08346745371818542 0
1730586502824 0.19838407635688782 0
1730586521056 0.25857555866241455 0
1730586539178 0.08484776318073273 0
1730586557335 0.12710073590278625 0
1730586575616 0.07947954535484314 0
1730586594074 0.20304197072982788 0
1730586612289 0.2488778531551361 0
1730586630470 0.1545356661081314 0
1730586648640 0.07637923955917358 0
1730586666811 0.12393128126859665 0
1730586685036 0.1295986920595169 0
1730586703247 0.14034895598888397 0
1730586721461 0.2846852242946625 0
1730586739736 0.20395851135253906 0
1730586758332 0.10420744866132736 0
1730586776525 0.5746126174926758 0
1730586794741 0.15934911370277405 0
1730586813142 0.11639051884412766 0
1730586831428 0.27763304114341736 0
1730586849612 0.17286346852779388 0
1730586868262 0.1671716719865799 0
1730586886423 0.15428487956523895 0
1730586904580 0.16836027801036835 0
1730586922710 0.17599143087863922 0
1730586941970 0.145010307431221 0
1730586960375 0.2016405314207077 0
1730586978677 0.16582776606082916 0
1730586996842 0.2830953299999237 0
1730587014977 0.36780256032943726 0
1730587033232 0.18059541285037994 0
1730587051860 0.2630921006202698 0
1730587070233 0.09477529674768448 0
1730587088436 0.2987619638442993 0
1730587106724 0.1324303150177002 0
1730587124896 0.17144043743610382 0
1730587143061 0.1126803457736969 0
1730587161206 0.14503160119056702 0
1730587179512 0.1023595854640007 0
1730587197709 0.150840163230896 0
1730587216017 0.13844332098960876 0
1730587234317 0.14655734598636627 0
1730587252478 0.1380021870136261 0
1730587270655 0.09495291113853455 0
1730587288964 0.12677693367004395 0
1730587307253 0.11994774639606476 0
1730587325523 0.1096736341714859 0
1730587343822 0.18875709176063538 0
1730587362189 0.27318239212036133 0
1730587380403 0.16812348365783691 0
1730587398576 0.15480220317840576 0
1730587416934 0.21040281653404236 0
1730587435378 0.25073277950286865 0
1730587453617 0.06788294017314911 0
1730587471757 0.09519132971763611 0
1730587489928 0.11955873668193817 0
1730587508080 0.12963728606700897 0
1730587526232 0.121104396879673 0
1730587544606 0.07678280025720596 0
1730587562830 0.24240875244140625 0
1730587581129 0.11793816834688187 0
1730587599346 0.12591585516929626 0
1730587617503 0.09800757467746735 0
1730587635606 0.17977014183998108 0
1730587654267 0.20548072457313538 0
1730587672572 0.2572241723537445 0
1730587690793 0.15817688405513763 0
1730587709151 0.17360103130340576 0
1730587727311 0.28812769055366516 0
1730587745451 0.2366156280040741 0
1730587763649 0.14700229465961456 0
1730587782109 0.18060468137264252 0
1730587800325 0.13026398420333862 0
1730587818610 0.13677197694778442 0
1730587836790 0.09159000217914581 0
1730587854938 0.2429431825876236 0
1730587873095 0.22631950676441193 0
1730587891388 0.09770216047763824 0
1730587910527 0.14481037855148315 0
1730587928824 0.1431550830602646 0
1730587947232 0.10378483682870865 0
1730587965728 0.24717088043689728 0
1730587983874 0.14380908012390137 0
1730588002099 0.11989452689886093 0
1730588020396 0.16865673661231995 0
1730588038629 0.30097049474716187 0
1730588056935 0.23444576561450958 0
1730588075169 0.054227475076913834 0
1730588093416 0.15712153911590576 0
1730588111568 0.2414354532957077 0
1730588129859 0.10345020145177841 0
1730588148153 0.11349039524793625 0
1730588166405 0.213564932346344 0
1730588184711 0.14811663329601288 0
1730588202869 0.13960234820842743 0
1730588221042 0.06883934140205383 0
1730588239244 0.08024666458368301 0
1730588257781 0.14171741902828217 0
1730588276001 0.2344289869070053 0
1730588294294 0.15369124710559845 0
1730588312542 0.14474037289619446 0
1730588330679 0.12629710137844086 0
1730588348855 0.31250473856925964 0
1730588367049 0.23948492109775543 0
1730588385327 0.05727479234337807 0
1730588403550 0.15404987335205078 0
1730588421874 0.356029212474823 0
1730588440919 0.1767030507326126 0
1730588459560 0.1291935294866562 0
1730588478070 0.19154521822929382 0
1730588496393 0.12552882730960846 0
1730588514667 0.04247539862990379 0
1730588532943 0.06936881691217422 0
1730588551411 0.23421427607536316 0
1730588569597 0.07320167869329453 0
1730588587825 0.10751985758543015 0
1730588606093 0.0766952857375145 0
1730588624388 0.14229251444339752 0
1730588642685 0.18663786351680756 0
1730588660966 0.1419769823551178 0
1730588679856 0.11952067166566849 0
1730588698028 0.1648634374141693 0
1730588716196 0.13107463717460632 0
1730588734561 0.06957129389047623 0
1730588752809 0.14318586885929108 0
1730588771043 0.14681343734264374 0
1730588789435 0.1258573979139328 0
1730588807575 0.17889584600925446 0
1730588825789 0.16116634011268616 0
1730588843975 0.05017298460006714 0
1730588862615 0.08057820051908493 0
1730588880983 0.24611885845661163 0
1730588899257 0.09739973396062851 0
1730588917442 0.10691292583942413 0
1730588935630 0.09576215595006943 0
1730588953805 0.0870988592505455 0
1730588972068 0.1230422630906105 0
1730588990320 0.1664915233850479 0
1730589008558 0.13133437931537628 0
1730589026746 0.1317136585712433 0
1730589044843 0.10415297746658325 0
1730589062983 0.047588568180799484 0
1730589081108 0.21804288029670715 0
1730589099387 0.14481894671916962 0
1730589117732 0.10092264413833618 0
1730589136360 0.07958271354436874 0
1730589154804 0.087342768907547 0
1730589172936 0.10054716467857361 0
1730589191117 0.1595158725976944 0
1730589209392 0.10893329232931137 0
1730589227710 0.20561087131500244 0
1730589246006 0.14304447174072266 0
1730589264275 0.13973362743854523 0
1730589282446 0.164668470621109 0
1730589300535 0.1365022510290146 0
1730589318674 0.06728947907686234 0
1730589336929 0.10052893310785294 0
1730589355118 0.10448452085256577 0
1730589373334 0.09558770805597305 0
1730589391844 0.23986980319023132 0
1730589409989 0.11645053327083588 0
1730589428371 0.10001534223556519 0
1730589446610 0.1357111632823944 0
1730589465132 0.07614491134881973 0
1730589483307 0.06829669326543808 0
1730589501626 0.16096918284893036 0
1730589519809 0.12973789870738983 0
1730589538013 0.08397871255874634 0
1730589556148 0.09955339878797531 0
1730589574510 0.09849604964256287 0
1730589592757 0.09072095155715942 0
1730589611058 0.08814451843500137 0
1730589629218 0.15199939906597137 0
1730589647380 0.19666361808776855 0
1730589665635 0.026975544169545174 0
1730589683788 0.18885867297649384 0
1730589702367 0.289337158203125 0
1730589720892 0.28702226281166077 0
1730589739089 0.14672954380512238 0
1730589757508 0.15541207790374756 0
1730589775605 0.16792035102844238 0
1730589793790 0.2571198642253876 0
1730589812056 0.1317298263311386 0
1730589830309 0.1685469150543213 0
1730589848555 0.09387985616922379 0
1730589866841 0.19371865689754486 0
1730589885919 0.09926408529281616 0
1730589904133 0.09793201088905334 0
1730589922324 0.05254189297556877 0
1730589940743 0.1928570419549942 0
1730589958991 0.09809325635433197 0
1730589977589 0.1424226611852646 0
1730589995770 0.206131249666214 0
1730590013984 0.303082674741745 0
1730590032148 0.12705935537815094 0
1730590050564 0.06647037714719772 0
1730590068933 0.06535500288009644 0
1730590087226 0.10679207742214203 0
1730590105542 0.13172729313373566 0
1730590123646 0.13017983734607697 0
1730590141793 0.2114676982164383 0
1730590160004 0.1289684772491455 0
1730590178471 0.1529843807220459 0
1730590196809 0.10912590473890305 0
1730590215244 0.07794167846441269 0
1730590233433 0.36211588978767395 0
1730590251561 0.09796184301376343 0
1730590269716 0.1552194207906723 0
1730590287962 0.09806478023529053 0
1730590306246 0.04447178915143013 0
1730590324516 0.11502719670534134 0
1730590342771 0.060441069304943085 0
1730590361223 0.2550017237663269 0
1730590379413 0.06610287725925446 0
1730590397617 0.17959170043468475 0
1730590416268 0.15887491405010223 0
1730590434503 0.06368846446275711 0
1730590452809 0.23187705874443054 0
1730590471397 0.07216089963912964 0
1730590489585 0.10805659741163254 0
1730590507716 0.16126082837581635 0
1730590525965 0.08987734466791153 0
1730590545336 0.16582617163658142 0
1730590564088 0.1078600212931633 0
1730590582333 0.14964286983013153 0
1730590600551 0.08790460973978043 0
1730590618788 0.21959294378757477 0
1730590636956 0.06654730439186096 0
1730590655538 0.06334180384874344 0
1730590673736 0.13485896587371826 0
1730590692087 0.12026099860668182 0
1730590710470 0.026170484721660614 0
1730590728617 0.24542422592639923 0
1730590746779 0.2201615422964096 0
1730590765067 0.08350954204797745 0
1730590783204 0.1309233456850052 0
1730590801421 0.14434018731117249 0
1730590819628 0.14429107308387756 0
1730590837975 0.13086679577827454 0
1730590856111 0.10356546938419342 0
1730590874302 0.17913095653057098 0
1730590892542 0.13718831539154053 0
1730590910742 0.06849765032529831 0
1730590929032 0.02500847913324833 0
1730590947392 0.06927279382944107 0
1730590965854 0.1653553545475006 0
1730590983974 0.08226073533296585 0
1730591002227 0.11322592943906784 0
1730591020506 0.08576425909996033 0
1730591038782 0.14287230372428894 0
1730591057010 0.06448740512132645 0
1730591075228 0.10695219784975052 0
1730591093410 0.0971861407160759 0
1730591111592 0.1694030910730362 0
1730591129821 0.06026516482234001 0
1730591148112 0.17394182085990906 0
1730591166332 0.3221161961555481 0
1730591184637 0.1069023534655571 0
1730591202780 0.12441130727529526 0
1730591220922 0.11268002539873123 0
1730591239113 0.11844829469919205 0
1730591257606 0.09291450679302216 0
1730591275854 0.05906540900468826 0
1730591294093 0.12771198153495789 0
1730591312404 0.2273753434419632 0
1730591330563 0.10399496555328369 0
1730591348711 0.05532534793019295 0
1730591366910 0.24609068036079407 0
1730591385184 0.057970110327005386 0
1730591403567 0.13951344788074493 0
1730591421828 0.10126197338104248 0
1730591440066 0.030031202360987663 0
1730591458324 0.0617426373064518 0
1730591476500 0.1351773738861084 0
1730591494843 0.048458684235811234 0
1730591513682 0.06766583770513535 0
1730591531840 0.06990070641040802 0
1730591550354 0.09259268641471863 0
1730591568538 0.14187398552894592 0
1730591586689 0.07410217076539993 0
1730591605025 0.13614976406097412 0
1730591623307 0.18374894559383392 0
1730591641677 0.1130276471376419 0
1730591659852 0.30436018109321594 0
1730591678089 0.08713830262422562 0
1730591696229 0.036073360592126846 0
1730591714367 0.08799590170383453 0
1730591732660 0.05825376138091087 0
1730591750919 0.07176888734102249 0
1730591769154 0.06455691158771515 0
1730591787419 0.11659996956586838 0
1730591805536 0.09051632136106491 0
1730591823745 0.053859587758779526 0
1730591841903 0.07549156248569489 0
1730591860726 0.18074798583984375 0
1730591878908 0.2001124620437622 0
1730591897397 0.14704519510269165 0
1730591915614 0.1319982409477234 0
1730591933793 0.09601835161447525 0
1730591952022 0.6178275346755981 0
1730591970284 0.052754465490579605 0
1730591988621 0.05574049428105354 0
1730592006821 0.10548585653305054 0
1730592025076 0.09170445799827576 0
1730592043212 0.09388189762830734 0
1730592061439 0.043081313371658325 0
1730592079658 0.06407226622104645 0
1730592097946 0.12742212414741516 0
1730592116176 0.12105443328619003 0
1730592134410 0.06653256714344025 0
1730592153128 0.10819708555936813 0
1730592171250 0.07406420260667801 0
1730592189393 0.09705976396799088 0
1730592207925 0.1195543184876442 0
1730592226173 0.06174490228295326 0
1730592244441 0.019376466050744057 0
1730592262727 0.1480434238910675 0
1730592280985 0.0646481141448021 0
1730592299211 0.05753026530146599 0
1730592317406 0.07107453793287277 0
1730592336567 0.10544613748788834 0
1730592354768 0.04034974053502083 0
1730592373092 0.03225800022482872 0
1730592391652 0.1221664771437645 0
1730592409858 0.08235088735818863 0
1730592428078 0.011103316210210323 0
1730592446461 0.10217662900686264 0
1730592464893 0.11351096630096436 0
1730592483363 0.15513095259666443 0
1730592501681 0.159532368183136 0
1730592519873 0.2562585771083832 0
1730592538062 0.03526662662625313 0
1730592556325 0.10374462604522705 0
1730592574674 0.13435104489326477 0
1730592592927 0.16968083381652832 0
1730592611174 0.191910058259964 0
1730592629491 0.1286092847585678 0
1730592647603 0.18794892728328705 0
1730592665805 0.07711915671825409 0
1730592683953 0.11629091948270798 0
1730592702301 0.13107293844223022 0
1730592720573 0.10881418734788895 0
1730592738754 0.08815836161375046 0
1730592757188 0.09252500534057617 0
1730592775320 0.04765518382191658 0
1730592793460 0.14293862879276276 0
1730592811814 0.15384986996650696 0
1730592829999 0.09229103475809097 0
1730592848355 0.15733091533184052 0
1730592866621 0.12624786794185638 0
1730592884793 0.10976503044366837 0
1730592902970 0.10549801588058472 0
1730592921130 0.1655905395746231 0
1730592939355 0.06256081908941269 0
1730592957554 0.19881446659564972 0
1730592976085 0.039180051535367966 0
1730592994393 0.07554881274700165 0
1730593012544 0.15520814061164856 0
1730593030755 0.03162171319127083 0
1730593049312 0.04743045195937157 0
1730593067585 0.0949551910161972 0
1730593085802 0.06836295872926712 0
1730593104095 0.033166252076625824 0
1730593122293 0.05529756098985672 0
1730593140402 0.044243428856134415 0
1730593158642 0.09564100950956345 0
1730593177027 0.09037730097770691 0
1730593195205 0.08805510401725769 0
1730593213426 0.15427345037460327 0
1730593231672 0.11149639636278152 0
1730593249941 0.11585972458124161 0
1730593268108 0.06922271847724915 0
1730593286473 0.15095172822475433 0
1730593304888 0.07671846449375153 0
1730593323171 0.152969628572464 0
1730593341424 0.14357717335224152 0
1730593359952 0.07013529539108276 0
1730593378133 0.1436137706041336 0
1730593396568 0.028091372922062874 0
1730593414982 0.08206062018871307 0
1730593433212 0.043586794286966324 0
1730593451413 0.05187177285552025 0
1730593469636 0.23962588608264923 0
1730593488590 0.05809307098388672 0
1730593506732 0.06053844839334488 0
1730593525058 0.2024756819009781 0
1730593543302 0.0898764580488205 0
1730593561557 0.17327980697155 0
1730593580155 0.055880479514598846 0
1730593598345 0.1375710368156433 0
1730593616514 0.0785522386431694 0
1730593634666 0.056128792464733124 0
1730593653223 0.10866393893957138 0
1730593671444 0.11475353688001633 0
1730593689727 0.13749872148036957 0
1730593707927 0.06199052929878235 0
1730593726109 0.1259390264749527 0
1730593744293 0.01682225987315178 0
1730593762435 0.05202491953969002 0
1730593780723 0.052959442138671875 0
1730593798895 0.030142100527882576 0
1730593817339 0.09492866694927216 0
1730593835549 0.05383354425430298 0
1730593853729 0.13512471318244934 0
1730593871939 0.2868896424770355 0
1730593890211 0.1465894877910614 0
1730593908472 0.04842362925410271 0
1730593926703 0.20285330712795258 0
1730593944949 0.11846916377544403 0
1730593963322 0.06682807207107544 0
1730593981487 0.05420605093240738 0
1730594000045 0.16064761579036713 0
1730594018332 0.06582023948431015 0
1730594036527 0.11650790274143219 0
1730594054708 0.07041951268911362 0
1730594073286 0.1241692453622818 0
1730594091531 0.14976948499679565 0
1730594109704 0.22605463862419128 0
1730594127972 0.13508175313472748 0
1730594147036 0.06711416691541672 0
1730594165483 0.11772025376558304 0
1730594183730 0.148273766040802 0
1730594201956 0.04373946040868759 0
1730594220231 0.026267655193805695 0
1730594238396 0.06385964155197144 0
1730594256919 0.06626616418361664 0
1730594275412 0.10090644657611847 0
1730594293601 0.17625628411769867 0
1730594311862 0.14344291388988495 0
1730594330044 0.01883966289460659 0
1730594348195 0.0580817274749279 0
1730594366458 0.13625404238700867 0
1730594384735 0.11840715259313583 0
1730594403243 0.05030512437224388 0
1730594421453 0.04723880812525749 0
1730594439686 0.03257168084383011 0
1730594457845 0.04831812158226967 0
1730594475999 0.09241937845945358 0
1730594494283 0.07315269112586975 0
1730594512453 0.04155309870839119 0
1730594530576 0.025331957265734673 0
1730594549211 0.04511149600148201 0
1730594567435 0.12905560433864594 0
1730594585613 0.04757578670978546 0
1730594603870 0.07858763635158539 0
1730594622153 0.016301831230521202 0
1730594640381 0.059900060296058655 0
1730594658607 0.06352114677429199 0
1730594676796 0.10629942268133163 0
1730594694980 0.15064342319965363 0
1730594713164 0.05636364221572876 0
1730594731410 0.2018667310476303 0
1730594749750 0.053652871400117874 0
1730594768007 0.026377540081739426 0
1730594786184 0.06744901090860367 0
1730594804319 0.06291132420301437 0
1730594822569 0.05684356391429901 0
1730594840800 0.08614712208509445 0
1730594859307 0.046909917145967484 0
1730594877557 0.1976616382598877 0
1730594895738 0.06801098585128784 0
1730594913993 0.06573662161827087 0
1730594932140 0.05668829753994942 0
1730594950292 0.08934970945119858 0
1730594968545 0.13167743384838104 0
1730594986774 0.18148484826087952 0
1730595005268 0.09887775778770447 0
1730595023541 0.1601233184337616 0
1730595041813 0.09775402396917343 0
1730595059987 0.09028555452823639 0
1730595078118 0.18063899874687195 0
1730595096347 0.12034974992275238 0
1730595115254 0.11673380434513092 0
1730595133546 0.1166587769985199 0
1730595152329 0.02194092981517315 0
1730595170571 0.06352829188108444 0
1730595188868 0.05479341000318527 0
1730595207134 0.061625294387340546 0
1730595225576 0.18983376026153564 0
1730595243765 0.055729664862155914 0
1730595261963 0.039197057485580444 0
1730595280208 0.07386226207017899 0
1730595298442 0.04891752824187279 0
1730595316716 0.011549044400453568 0
1730595335123 0.12910506129264832 0
1730595353326 0.1326163113117218 0
1730595371510 0.05985042825341225 0
1730595389950 0.07161691039800644 0
1730595408111 0.05474938079714775 0
1730595426229 0.13249826431274414 0
1730595444691 0.12936341762542725 0
1730595463377 0.039086516946554184 0
1730595481582 0.044109150767326355 0
1730595499765 0.10395537316799164 0
1730595517948 0.20431458950042725 0
1730595536174 0.1618472933769226 0
1730595554398 0.1524045765399933 0
1730595572621 0.11877729743719101 0
1730595590826 0.10831479728221893 0
1730595609014 0.08806638419628143 0
1730595627189 0.14401647448539734 0
1730595645423 0.15495270490646362 0
1730595663633 0.11515804380178452 0
1730595681857 0.09801918268203735 0
1730595700164 0.10511421412229538 0
1730595718519 0.06125645712018013 0
1730595736747 0.1202084943652153 0
1730595755165 0.04134601354598999 0
1730595773313 0.1153818815946579 0
1730595791509 0.11618811637163162 0
1730595809786 0.0682046189904213 0
1730595828084 0.10150130838155746 0
1730595846311 0.09064643085002899 0
1730595864671 0.02768346294760704 0
1730595883309 0.02335909940302372 0
1730595901455 0.10289007425308228 0
1730595919670 0.11267589777708054 0
1730595937933 0.020885977894067764 0
1730595956234 0.09178786724805832 0
1730595974564 0.23957717418670654 0
1730595992838 0.152260884642601 0
1730596011101 0.029561541974544525 0
1730596029254 0.057663992047309875 0
1730596047456 0.10951655358076096 0
1730596066014 0.05839504674077034 0
1730596084181 0.027296409010887146 0
1730596102459 0.10068818181753159 0
1730596120667 0.09325812757015228 0
1730596138827 0.08582934737205505 0
1730596157143 0.13886308670043945 0
1730596175563 0.05949906259775162 0
1730596193957 0.10010574012994766 0
1730596212137 0.110270656645298 0
1730596230337 0.030405059456825256 0
1730596248496 0.09601765125989914 0
1730596266760 0.11282434314489365 0
1730596284968 0.08049328625202179 0
1730596303340 0.07531920075416565 0
1730596321537 0.06719184666872025 0
1730596339725 0.0886850357055664 0
1730596358295 0.05441117659211159 0
1730596376474 0.2238157093524933 0
1730596394816 0.10078674554824829 0
1730596413141 0.007236721459776163 0
1730596431342 0.05557660758495331 0
1730596449583 0.07494401931762695 0
1730596467827 0.10663741081953049 0
1730596486027 0.0950498953461647 0
1730596504245 0.18079546093940735 0
1730596522449 0.12127240002155304 0
1730596540735 0.08809706568717957 0
1730596558919 0.0395006500184536 0
1730596577146 0.07347940653562546 0
1730596595323 0.11800988018512726 0
1730596613490 0.018909240141510963 0
1730596631711 0.07573824375867844 0
1730596650359 0.023420140147209167 0
1730596668752 0.08183466643095016 0
1730596686984 0.026150789111852646 0
1730596705237 0.013951309025287628 0
1730596723513 0.26285046339035034 0
1730596741700 0.05363450571894646 0
1730596759912 0.04487169161438942 0
1730596778228 0.3537859320640564 0
1730596796415 0.15564630925655365 0
1730596814626 0.11242411285638809 0
1730596832877 0.12392791360616684 0
1730596851040 0.07584475725889206 0
1730596869249 0.11906637251377106 0
1730596887601 0.07727199792861938 0
1730596906025 0.05723799392580986 0
1730596924957 0.04616411775350571 0
1730596943223 0.08076543360948563 0
1730596961732 0.13952526450157166 0
1730596979939 0.06779275089502335 0
1730596998146 0.0668613463640213 0
1730597016478 0.08355685323476791 0
1730597034669 0.11314545571804047 0
1730597052875 0.006758751813322306 0
1730597071128 0.06847679615020752 0
1730597090195 0.4264978766441345 0
1730597108450 0.06607995927333832 0
1730597126703 0.07420375198125839 0
1730597145154 0.11216040700674057 0
1730597163390 0.12775038182735443 0
1730597181985 0.02359643764793873 0
1730597200244 0.12358605116605759 0
1730597218406 0.0315864272415638 0
1730597236624 0.11679501086473465 0
1730597255361 0.16553793847560883 0
1730597273591 0.055609386414289474 0
1730597291767 0.028773393481969833 0
1730597310164 0.11387348175048828 0
1730597328373 0.09974559396505356 0
1730597346555 0.0539383627474308 0
1730597364785 0.07203038781881332 0
1730597383214 0.011035904288291931 0
1730597401420 0.06297975778579712 0
1730597419607 0.053100742399692535 0
1730597438063 0.05792905390262604 0
1730597456241 0.06110294908285141 0
1730597474431 0.13927963376045227 0
1730597492710 0.034498341381549835 0
1730597510980 0.06444825232028961 0
1730597529234 0.05249001085758209 0
1730597547453 0.04462176561355591 0
1730597565834 0.03945404663681984 0
1730597583983 0.14579838514328003 0
1730597602223 0.13617011904716492 0
1730597620608 0.13213923573493958 0
1730597638856 0.09607724100351334 0
1730597657106 0.07599525898694992 0
1730597675866 0.10189352184534073 0
1730597694048 0.04077056795358658 0
1730597712204 0.06073642149567604 0
1730597730640 0.09001331776380539 0
1730597750006 0.007145204581320286 0
1730597768501 0.04606787860393524 0
1730597786804 0.0169674102216959 0
1730597805020 0.11069529503583908 0
1730597823209 0.1534721404314041 0
1730597841356 0.0850115418434143 0
1730597859909 0.1241379827260971 0
1730597878133 0.19065570831298828 0
1730597896327 0.10350185632705688 0
1730597914615 0.044051531702280045 0
1730597932765 0.08400294184684753 0
1730597950955 0.1236657127737999 0
1730597969235 0.1855829358100891 0
1730597987477 0.09678822755813599 0
1730598005779 0.13771936297416687 0
1730598024193 0.15058156847953796 0
1730598042345 0.2232130467891693 0
1730598060568 0.4593270421028137 0
1730598078737 0.12421303987503052 0
1730598097095 0.042576488107442856 0
1730598115295 0.6157591938972473 0
1730598133561 0.3166440725326538 0
1730598152131 0.0976794883608818 0
1730598170255 0.09479951113462448 0
1730598188414 0.037041373550891876 0
1730598206688 0.08286212384700775 0
1730598224960 0.0850432738661766 0
1730598243199 0.1825261414051056 0
1730598261387 0.01758514530956745 0
1730598279612 0.07323180884122849 0
1730598297755 0.05724653974175453 0
1730598315972 0.09482716768980026 0
1730598334309 0.06592131406068802 0
1730598352480 0.05632522329688072 0
1730598370675 0.03901955857872963 0
1730598389308 0.0691891685128212 0
1730598407470 0.07139855623245239 0
1730598425656 0.0035170603077858686 0
1730598443834 0.0394953191280365 0
1730598462330 0.1339627057313919 0
1730598480510 0.019057342782616615 0
1730598498820 0.034401096403598785 0
1730598516991 0.06087474897503853 0
1730598535171 0.10644406825304031 0
1730598553364 0.06839720159769058 0
1730598571616 0.07548847794532776 0
1730598589877 0.10359425097703934 0
1730598608134 0.07703038305044174 0
1730598626370 0.038195911794900894 0
1730598644540 0.09702415019273758 0
1730598662686 0.08103476464748383 0
1730598680843 0.19853346049785614 0
1730598699154 0.11991666257381439 0
1730598718062 0.16897618770599365 0
1730598736377 0.0425746776163578 0
1730598754890 0.08153852820396423 0
1730598773061 0.05029095336794853 0
1730598791233 0.4714762270450592 0
1730598809519 0.08412136137485504 0
1730598827719 0.14108465611934662 0
1730598845882 0.04985079541802406 0
1730598864221 0.11403847485780716 0
1730598882441 0.07840245217084885 0
1730598900653 0.05517719313502312 0
1730598918827 0.11716470867395401 0
1730598937146 0.057281576097011566 0
1730598955322 0.07779538631439209 0
1730598973578 0.05480637401342392 0
1730598991886 0.04376637563109398 0
1730599010109 0.04418685659766197 0
1730599028325 0.07015736401081085 0
1730599046645 0.14275428652763367 0
1730599065230 0.18003171682357788 0
1730599083413 0.08346092700958252 0
1730599101896 0.06309133768081665 0
1730599120285 0.0609489269554615 0
1730599138656 0.033126506954431534 0
1730599156969 0.1381113976240158 0
1730599175393 0.06868413835763931 0
1730599193584 0.006521323695778847 0
1730599211771 0.05858535319566727 0
1730599230059 0.0792795941233635 0
1730599248235 0.08574587851762772 0
1730599266398 0.03663274273276329 0
1730599284676 0.04994631186127663 0
1730599302911 0.07210909575223923 0
1730599321160 0.04630548134446144 0
1730599342915 0.036779820919036865 0
1730599367819 0.05341685935854912 0
1730599391926 0.05010746791958809 0
1730599413700 0.07910807430744171 0
