1730572209624 0.02818860486149788 0
1730572229735 0.028210429474711418 0
1730572249795 0.028368471190333366 0
1730572269859 0.028343187645077705 0
1730572290039 0.02831834740936756 0
1730572310509 0.02829393744468689 0
1730572333146 0.028269950300455093 0
1730572355402 0.028333552181720734 0
1730572380596 0.02822319231927395 0
1730572407481 0.028200402855873108 0
1730572425765 0.028560500591993332 0
1730572444250 0.028703898191452026 0
1730572462510 0.02867773175239563 0
1730572480760 0.02865198813378811 0
1730572498954 0.02879118174314499 0
1730572517183 0.028764942660927773 0
1730572536230 0.028739120811223984 0
1730572554771 0.028713706880807877 0
1730572572946 0.028768379241228104 0
1730572591389 0.02913849614560604 0
1730572609500 0.02930676005780697 0
1730572627744 0.029316721484065056 0
1730572646070 0.02940380945801735 0
1730572664425 0.029489587992429733 0
1730572682586 0.02938377857208252 0
1730572700927 0.029355093836784363 0
1730572719115 0.029401836916804314 0
1730572737287 0.029410669580101967 0
1730572755474 0.029493292793631554 0
1730572773677 0.02946464531123638 0
1730572792232 0.02939997799694538 0
1730572810385 0.029480919241905212 0
1730572828708 0.029704391956329346 0
1730572846917 0.029710739850997925 0
1730572865076 0.029964935034513474 0
1730572883286 0.030180448666214943 0
1730572901496 0.03018340654671192 0
1730572919718 0.030221018940210342 0
1730572938032 0.030292587354779243 0
1730572956461 0.030534351244568825 0
1730572974659 0.030772892758250237 0
1730572992828 0.030771829187870026 0
1730573011109 0.030871447175741196 0
1730573029392 0.03090308979153633 0
1730573047606 0.030868081375956535 0
1730573065786 0.03089933842420578 0
1730573084017 0.03093019500374794 0
1730573102199 0.03099314495921135 0
1730573120433 0.03115214593708515 0
1730573138603 0.031116671860218048 0
1730573156758 0.031241033226251602 0
1730573175114 0.03142721205949783 0
1730573193308 0.03161109611392021 0
1730573211520 0.0316675528883934 0
1730573229668 0.031723324209451675 0
1730573247836 0.031809329986572266 0
1730573266371 0.031832847744226456 0
1730573284595 0.03182553872466087 0
1730573302841 0.03187904134392738 0
1730573321117 0.03196209296584129 0
1730573339256 0.03213417902588844 0
1730573357443 0.03209545090794563 0
1730573375682 0.032146140933036804 0
1730573393865 0.03219624236226082 0
1730573412102 0.03221645578742027 0
1730573430497 0.03211985155940056 0
1730573448665 0.0321982316672802 0
1730573466837 0.03216045722365379 0
1730573485192 0.03218041732907295 0
1730573503959 0.03222864866256714 0
1730573522248 0.032248008996248245 0
1730573540446 0.032351698726415634 0
1730573558918 0.03234214335680008 0
1730573577089 0.03244418278336525 0
1730573595323 0.03254511579871178 0
1730573613610 0.03258981555700302 0
1730573631810 0.032716304063797 0
1730573649964 0.032786883413791656 0
1730573668283 0.03280245140194893 0
1730573686471 0.033033762127161026 0
1730573704610 0.03307471424341202 0
1730573722759 0.03324876353144646 0
1730573741081 0.033474136143922806 0
1730573759341 0.03367074579000473 0
1730573777600 0.03368127718567848 0
1730573796604 0.03384865075349808 0
1730573814807 0.03396226465702057 0
1730573832996 0.034022942185401917 0
1730573851438 0.034289099276065826 0
1730573869653 0.03447568789124489 0
1730573887824 0.03455839306116104 0
1730573906183 0.03458951786160469 0
1730573924338 0.034797102212905884 0
1730573942550 0.03490212932229042 0
1730573960735 0.0353061780333519 0
1730573979045 0.03550722822546959 0
1730573997209 0.03573108837008476 0
1730574015423 0.035854216665029526 0
1730574033704 0.03600068762898445 0
1730574051852 0.03612134978175163 0
1730574070017 0.03643518313765526 0
1730574088277 0.03655264154076576 0
1730574106529 0.03664493188261986 0
1730574124794 0.03692793846130371 0
1730574142960 0.03727981448173523 0
1730574161352 0.03734371066093445 0
1730574179539 0.03766678646206856 0
1730574197842 0.03803389519453049 0
1730574216076 0.03825724869966507 0
1730574234343 0.03845526650547981 0
1730574252525 0.03860511630773544 0
1730574270732 0.03863820061087608 0
1730574288974 0.03867098689079285 0
1730574307111 0.038840726017951965 0
1730574325316 0.03900894895195961 0
1730574343522 0.03922102227807045 0
1730574361642 0.03936350345611572 0
1730574379819 0.03945978730916977 0
1730574398119 0.03966709226369858 0
1730574416511 0.03989486023783684 0
1730574434632 0.040120650082826614 0
1730574453210 0.04038865119218826 0
1730574471419 0.040434468537569046 0
1730574489691 0.04063314199447632 0
1730574508005 0.04085191711783409 0
1730574526209 0.04098200425505638 0
1730574544430 0.04124067723751068 0
1730574562598 0.041518691927194595 0
1730574580826 0.04162290692329407 0
1730574599005 0.041662219911813736 0
1730574617232 0.04197751358151436 0
1730574635429 0.042142026126384735 0
1730574653577 0.042431652545928955 0
1730574671753 0.04278187081217766 0
1730574689969 0.04321284592151642 0
1730574708219 0.043432094156742096 0
1730574726441 0.043566614389419556 0
1730574744607 0.04400983080267906 0
1730574763203 0.044264353811740875 0
1730574781401 0.04449634253978729 0
1730574799534 0.044767286628484726 0
1730574817848 0.04507672041654587 0
1730574836087 0.045201513916254044 0
1730574854298 0.04552694782614708 0
1730574872502 0.04578956961631775 0
1730574890649 0.04609014093875885 0
1730574908897 0.04644814133644104 0
1730574927200 0.04680335894227028 0
1730574945384 0.04705696180462837 0
1730574963555 0.047485869377851486 0
1730574981898 0.04763679951429367 0
1730575004020 0.047884296625852585 0
1730575030581 0.04801308363676071 0
1730575057897 0.04831545799970627 0
1730575079985 0.048634860664606094 0
1730575099932 0.04889410734176636 0
1730575119936 0.049055516719818115 0
1730575139703 0.049368564039468765 0
1730575159501 0.04969830811023712 0
1730575179416 0.04996871203184128 0
1730575199345 0.05040714889764786 0
1730575219155 0.05084235221147537 0
1730575239142 0.05121809244155884 0
1730575258903 0.05164714157581329 0
1730575278677 0.05220337584614754 0
1730575298919 0.05273701995611191 0
1730575318779 0.053081970661878586 0
1730575338711 0.05344284698367119 0
1730575358990 0.05372772738337517 0
1730575380945 0.05404713749885559 0
1730575402951 0.05441891774535179 0
1730575432780 0.05493328347802162 0
1730575457539 0.055263109505176544 0
1730575476254 0.05560863018035889 0
1730575494649 0.05614930018782616 0
1730575512866 0.056507185101509094 0
1730575531563 0.05682689696550369 0
1730575549734 0.0572865754365921 0
1730575568255 0.057760775089263916 0
1730575586678 0.05817873775959015 0
1730575604853 0.05861140787601471 0
1730575623079 0.05928652733564377 0
1730575641265 0.05976485460996628 0
1730575659726 0.06025732681155205 0
1730575677931 0.06083320453763008 0
1730575696280 0.06143976375460625 0
1730575714643 0.06202498823404312 0
1730575732801 0.06265780329704285 0
1730575750951 0.06297824531793594 0
1730575769159 0.06339890509843826 0
1730575787405 0.0638507679104805 0
1730575805626 0.06441827118396759 0
1730575823818 0.06498201191425323 0
1730575842065 0.06547468900680542 0
1730575860244 0.06618227064609528 0
1730575878382 0.06690193712711334 0
1730575896587 0.06753355264663696 0
1730575914786 0.06814443320035934 0
1730575933031 0.06860227882862091 0
1730575951529 0.0691562220454216 0
1730575969886 0.06972304731607437 0
1730575988151 0.07041745632886887 0
1730576006407 0.07112375646829605 0
1730576024582 0.07174405455589294 0
1730576042775 0.07239289581775665 0
1730576061148 0.07300522923469543 0
1730576079377 0.07343611121177673 0
1730576097560 0.074137844145298 0
1730576115881 0.07486725598573685 0
1730576135013 0.07557609677314758 0
1730576153203 0.07612109184265137 0
1730576171790 0.07664680480957031 0
1730576190103 0.07713755965232849 0
1730576208290 0.07790956646203995 0
1730576226453 0.07862956821918488 0
1730576244720 0.07929805666208267 0
1730576263492 0.07988420128822327 0
1730576281718 0.08060716837644577 0
1730576299986 0.08107687532901764 0
1730576318292 0.08168328553438187 0
1730576336448 0.08242513984441757 0
1730576354642 0.0830238088965416 0
1730576372874 0.08384935557842255 0
1730576391148 0.08447079360485077 0
1730576409358 0.08519542217254639 0
1730576427588 0.08579390496015549 0
1730576445830 0.08647992461919785 0
1730576464087 0.08725269138813019 0
1730576482459 0.08814162760972977 0
1730576500781 0.08896513283252716 0
1730576519127 0.08954373002052307 0
1730576537287 0.09022365510463715 0
1730576555699 0.09110842645168304 0
1730576573890 0.09192854911088943 0
1730576592013 0.0928032249212265 0
1730576610308 0.09359890222549438 0
1730576628491 0.09433099627494812 0
1730576646735 0.09522059559822083 0
1730576665033 0.09595848619937897 0
1730576683178 0.09686755388975143 0
1730576701343 0.09752365201711655 0
1730576719584 0.098408542573452 0
1730576737833 0.099186971783638 0
1730576756097 0.10009104758501053 0
1730576774435 0.10090354830026627 0
1730576792672 0.10178332775831223 0
1730576810826 0.10270114988088608 0
1730576828943 0.10351381450891495 0
1730576847156 0.10429342836141586 0
1730576865539 0.10513975471258163 0
1730576883693 0.1059955507516861 0
1730576901936 0.10707270354032516 0
1730576920165 0.10773523151874542 0
1730576938427 0.10870329290628433 0
1730576956710 0.10958193987607956 0
1730576974974 0.11031600832939148 0
1730576993266 0.1113666445016861 0
1730577011547 0.11207795143127441 0
1730577029821 0.11302106082439423 0
1730577048112 0.11395905166864395 0
1730577066275 0.11504364013671875 0
1730577084574 0.11587487161159515 0
1730577103463 0.11690733581781387 0
1730577121645 0.11789324134588242 0
1730577139868 0.11873746663331985 0
1730577158359 0.11950917541980743 0
1730577176506 0.12053456157445908 0
1730577194697 0.12133800983428955 0
1730577219187 0.12250158935785294 0
1730577245950 0.12341674417257309 0
1730577271136 0.12438078224658966 0
1730577292447 0.125353142619133 0
1730577310643 0.12630707025527954 0
1730577329630 0.12729597091674805 0
1730577347898 0.12835943698883057 0
1730577366110 0.1292451173067093 0
1730577384271 0.1300337016582489 0
1730577402450 0.13105548918247223 0
1730577420674 0.13200625777244568 0
1730577438783 0.1328078955411911 0
1730577457340 0.13378854095935822 0
1730577475559 0.1348555088043213 0
1730577494125 0.13590401411056519 0
1730577512362 0.13683035969734192 0
1730577530534 0.1378037929534912 0
1730577548675 0.13861730694770813 0
1730577566850 0.13956843316555023 0
1730577584996 0.1405533254146576 0
1730577603237 0.14146916568279266 0
1730577621488 0.14250828325748444 0
1730577639666 0.14349117875099182 0
1730577659207 0.14460912346839905 0
1730577677400 0.14560729265213013 0
1730577695589 0.14665113389492035 0
1730577713721 0.1475888043642044 0
1730577731995 0.14859741926193237 0
1730577750495 0.14975184202194214 0
1730577768555 0.15056216716766357 0
1730577786855 0.15169361233711243 0
1730577805167 0.15266984701156616 0
1730577823355 0.1537657529115677 0
1730577841604 0.15467014908790588 0
1730577859754 0.1555577516555786 0
1730577877930 0.1565522402524948 0
1730577896260 0.15741869807243347 0
1730577914374 0.1583547443151474 0
1730577932668 0.15933533012866974 0
1730577950824 0.16027452051639557 0
1730577969020 0.16136787831783295 0
1730577987329 0.16245602071285248 0
1730578005469 0.16355112195014954 0
1730578023608 0.16467736661434174 0
1730578041712 0.16567739844322205 0
1730578060352 0.1666606366634369 0
1730578078477 0.16774752736091614 0
1730578096726 0.16876928508281708 0
1730578114893 0.16972635686397552 0
1730578133044 0.17075064778327942 0
1730578151197 0.17186550796031952 0
1730578169463 0.17298704385757446 0
1730578187636 0.17391355335712433 0
1730578205805 0.17488311231136322 0
1730578224140 0.1760135143995285 0
1730578242278 0.17713868618011475 0
1730578260444 0.178199902176857 0
1730578278623 0.17935006320476532 0
1730578296910 0.18043643236160278 0
1730578315077 0.18152952194213867 0
1730578333294 0.1825127899646759 0
1730578351779 0.18371236324310303 0
1730578369966 0.18488329648971558 0
1730578388100 0.18591012060642242 0
1730578406669 0.1870015412569046 0
1730578424940 0.1881110519170761 0
1730578443225 0.1892385631799698 0
1730578461409 0.19029222428798676 0
1730578480134 0.19129540026187897 0
1730578498234 0.19227126240730286 0
1730578516411 0.19329969584941864 0
1730578534766 0.19439174234867096 0
1730578552934 0.19552426040172577 0
1730578571125 0.19652734696865082 0
1730578589366 0.19760499894618988 0
1730578607498 0.198610320687294 0
1730578625660 0.19994831085205078 0
1730578643816 0.2010449767112732 0
1730578662281 0.2021256387233734 0
1730578680608 0.20308993756771088 0
1730578698785 0.2041948437690735 0
1730578716968 0.20535048842430115 0
1730578735116 0.20640131831169128 0
1730578753325 0.20742544531822205 0
1730578771550 0.20852243900299072 0
1730578789810 0.20959265530109406 0
1730578807977 0.21059228479862213 0
1730578826158 0.2115766555070877 0
1730578844324 0.212633416056633 0
1730578862572 0.21370752155780792 0
1730578880719 0.21463531255722046 0
1730578899227 0.2157875895500183 0
1730578917436 0.21680469810962677 0
1730578935707 0.21795830130577087 0
1730578954233 0.21907459199428558 0
1730578972371 0.2201322317123413 0
1730578990486 0.22127151489257812 0
1730579008768 0.2222556322813034 0
1730579026982 0.223235622048378 0
1730579045179 0.2242542803287506 0
1730579063426 0.22526869177818298 0
1730579082347 0.22630015015602112 0
1730579100482 0.22732731699943542 0
1730579118615 0.2283502221107483 0
1730579136830 0.22945353388786316 0
1730579155002 0.23043611645698547 0
1730579173695 0.2315727323293686 0
1730579191861 0.2327151894569397 0
1730579210296 0.23384243249893188 0
1730579228456 0.23490221798419952 0
1730579246653 0.23591582477092743 0
1730579265434 0.23692528903484344 0
1730579283664 0.23799310624599457 0
1730579303148 0.2389630675315857 0
1730579321363 0.24004313349723816 0
1730579339622 0.24111883342266083 0
1730579357791 0.24223147332668304 0
1730579375995 0.24332931637763977 0
1730579394116 0.24446387588977814 0
1730579412370 0.24538856744766235 0
1730579430618 0.24640175700187683 0
1730579448772 0.24744154512882233 0
1730579466872 0.24845677614212036 0
1730579485242 0.24944758415222168 0
1730579503487 0.25047510862350464 0
1730579521697 0.2514883875846863 0
1730579539847 0.25248751044273376 0
1730579558331 0.25350290536880493 0
1730579576529 0.25456470251083374 0
1730579594767 0.2555317282676697 0
1730579613063 0.2565954029560089 0
1730579631236 0.25769495964050293 0
1730579649446 0.2588402330875397 0
1730579667680 0.25989118218421936 0
1730579685821 0.2609081268310547 0
1730579703970 0.26191115379333496 0
1730579722202 0.26286065578460693 0
1730579741292 0.2638956308364868 0
1730579759767 0.26487717032432556 0
1730579778016 0.26602262258529663 0
1730579796287 0.26702579855918884 0
1730579814442 0.2679170072078705 0
1730579832605 0.268912672996521 0
1730579851195 0.2699436843395233 0
1730579869407 0.2709609866142273 0
1730579887582 0.2720817029476166 0
1730579905827 0.2730618417263031 0
1730579923997 0.2741548418998718 0
1730579942269 0.2752242982387543 0
1730579960399 0.27619287371635437 0
1730579978622 0.27723509073257446 0
1730579996827 0.27830228209495544 0
1730580015003 0.279259592294693 0
1730580033192 0.28027093410491943 0
1730580051347 0.2812401056289673 0
1730580069511 0.2822152376174927 0
1730580087728 0.28314846754074097 0
1730580105992 0.2842307984828949 0
1730580124172 0.2852805554866791 0
1730580142378 0.2861458659172058 0
1730580160964 0.28709331154823303 0
1730580179138 0.2880372405052185 0
1730580197322 0.2889965772628784 0
1730580215667 0.28992408514022827 0
1730580233896 0.2908199429512024 0
1730580252112 0.2918440103530884 0
1730580270372 0.2928549349308014 0
1730580288516 0.2937685549259186 0
1730580306663 0.29469749331474304 0
1730580324830 0.29563239216804504 0
1730580343003 0.29659178853034973 0
1730580361248 0.2975105345249176 0
1730580379426 0.29852795600891113 0
1730580397665 0.29956021904945374 0
1730580415845 0.3005147874355316 0
1730580433996 0.3014935851097107 0
1730580452397 0.3024780750274658 0
1730580470795 0.3033946454524994 0
1730580489057 0.3043905198574066 0
1730580507293 0.30524542927742004 0
1730580525503 0.3062343895435333 0
1730580543754 0.30721983313560486 0
1730580561965 0.3081015646457672 0
1730580580288 0.3089892268180847 0
1730580598500 0.3099554181098938 0
1730580616796 0.3109091520309448 0
1730580634913 0.3118956387042999 0
1730580653056 0.3127973973751068 0
1730580671179 0.3137320280075073 0
1730580689378 0.31456437706947327 0
1730580708413 0.31547462940216064 0
1730580726735 0.31639963388442993 0
1730580744994 0.3173392713069916 0
1730580763801 0.31826668977737427 0
1730580782026 0.3191908597946167 0
1730580800207 0.320138543844223 0
1730580818528 0.3211006820201874 0
1730580836800 0.32199734449386597 0
1730580854979 0.3228820562362671 0
1730580873388 0.32381677627563477 0
1730580891544 0.3246687948703766 0
1730580909689 0.3255971670150757 0
1730580928608 0.32655754685401917 0
1730580946838 0.3274092376232147 0
1730580965063 0.3282930552959442 0
1730580983309 0.3291913568973541 0
1730581001510 0.33006036281585693 0
1730581019692 0.33090895414352417 0
1730581037898 0.33180689811706543 0
1730581056489 0.33268439769744873 0
1730581074722 0.3334808349609375 0
1730581092885 0.3344131410121918 0
1730581111199 0.3352731168270111 0
1730581129394 0.3361388146877289 0
1730581147571 0.3370705246925354 0
1730581165810 0.33802488446235657 0
1730581184158 0.33888158202171326 0
1730581202366 0.33981257677078247 0
1730581220520 0.3407061696052551 0
1730581238797 0.3415968120098114 0
1730581256962 0.3425612449645996 0
1730581275096 0.343386173248291 0
1730581293451 0.34429338574409485 0
1730581311621 0.34517210721969604 0
1730581329754 0.34606486558914185 0
1730581347943 0.34692928194999695 0
1730581366338 0.347773939371109 0
1730581384550 0.34862422943115234 0
1730581402710 0.34944647550582886 0
1730581420960 0.3502912223339081 0
1730581439154 0.3511667549610138 0
1730581457378 0.3520393967628479 0
1730581475823 0.35288411378860474 0
1730581493966 0.3537677824497223 0
1730581512122 0.3546069264411926 0
1730581530391 0.35541000962257385 0
1730581548716 0.3563351035118103 0
1730581566914 0.35713279247283936 0
1730581585154 0.3579692840576172 0
1730581603337 0.3587699830532074 0
1730581621450 0.359634131193161 0
1730581639604 0.3603801131248474 0
1730581658161 0.36122241616249084 0
1730581676984 0.36210310459136963 0
1730581695244 0.3629317283630371 0
1730581713683 0.36378228664398193 0
1730581731899 0.3645973801612854 0
1730581750050 0.36544254422187805 0
1730581768275 0.3662849962711334 0
1730581786549 0.36711663007736206 0
1730581804759 0.3679862320423126 0
1730581823023 0.3688611686229706 0
1730581841233 0.3697819113731384 0
1730581859416 0.37057849764823914 0
1730581877556 0.3713967502117157 0
1730581895774 0.3722204864025116 0
1730581913974 0.3729611337184906 0
1730581932180 0.3737316131591797 0
1730581950631 0.3745477795600891 0
1730581968740 0.37531334161758423 0
1730581986940 0.37608450651168823 0
1730582005213 0.37686124444007874 0
1730582023453 0.3776833713054657 0
1730582041697 0.37846311926841736 0
1730582059887 0.379240483045578 0
1730582078097 0.38007885217666626 0
1730582096281 0.38093051314353943 0
1730582114465 0.3817083239555359 0
1730582132703 0.38246792554855347 0
1730582150899 0.38319364190101624 0
1730582169061 0.3839722275733948 0
1730582187472 0.3846855163574219 0
1730582205617 0.3854829668998718 0
1730582223731 0.3862544596195221 0
1730582241989 0.38702356815338135 0
1730582260530 0.38782939314842224 0
1730582278657 0.3886015713214874 0
1730582296942 0.3893791437149048 0
1730582315218 0.3901621401309967 0
1730582333335 0.3909427523612976 0
1730582351477 0.3917752802371979 0
1730582369731 0.39253559708595276 0
1730582387914 0.39325496554374695 0
1730582406125 0.3940107226371765 0
1730582424307 0.39466404914855957 0
1730582442444 0.3954384922981262 0
1730582460792 0.3962029218673706 0
1730582478942 0.3969036936759949 0
1730582497498 0.39765599370002747 0
1730582517245 0.39839836955070496 0
1730582535526 0.39915379881858826 0
1730582554072 0.3999374806880951 0
1730582572253 0.40072640776634216 0
1730582590402 0.4014750123023987 0
1730582609158 0.4022517204284668 0
1730582627538 0.4029958248138428 0
1730582645690 0.4037225842475891 0
1730582663993 0.40444716811180115 0
1730582683041 0.40513187646865845 0
1730582701189 0.4058748483657837 0
1730582719355 0.4066382348537445 0
1730582737695 0.40741437673568726 0
1730582755933 0.4081057012081146 0
1730582774750 0.4087650179862976 0
1730582792952 0.4094897508621216 0
1730582811138 0.4101899564266205 0
1730582829323 0.4109477698802948 0
1730582847541 0.41171082854270935 0
1730582866094 0.41240471601486206 0
1730582884245 0.4131337106227875 0
1730582902551 0.4138161242008209 0
1730582920757 0.4144817292690277 0
1730582938887 0.4151971638202667 0
1730582957305 0.41590312123298645 0
1730582975521 0.4166439473628998 0
1730582993724 0.41737523674964905 0
1730583011890 0.4180603325366974 0
1730583030190 0.4187507927417755 0
1730583048307 0.41944658756256104 0
1730583066464 0.42015501856803894 0
1730583084656 0.4208175837993622 0
1730583103088 0.4215366542339325 0
1730583121271 0.4222171902656555 0
1730583139430 0.42288854718208313 0
1730583157903 0.42363065481185913 0
1730583176060 0.42426902055740356 0
1730583194215 0.42492735385894775 0
1730583212477 0.4256416857242584 0
1730583230652 0.4262528419494629 0
1730583248928 0.4269777238368988 0
1730583267175 0.42765012383461 0
1730583285343 0.428378164768219 0
1730583303507 0.4290107786655426 0
1730583321832 0.4297492206096649 0
1730583341071 0.43044260144233704 0
1730583359453 0.43111974000930786 0
1730583377854 0.4318378269672394 0
1730583396115 0.43250396847724915 0
1730583414309 0.43310412764549255 0
1730583432467 0.43377378582954407 0
1730583451259 0.4344486594200134 0
1730583469479 0.4351145625114441 0
1730583487674 0.4357927739620209 0
1730583506007 0.4365115761756897 0
1730583524148 0.4371718764305115 0
1730583543452 0.43780916929244995 0
1730583561695 0.43851515650749207 0
1730583580487 0.4392191767692566 0
1730583598603 0.4398861527442932 0
1730583616852 0.440579354763031 0
1730583635104 0.44123563170433044 0
1730583653273 0.44189709424972534 0
1730583671445 0.4425217807292938 0
1730583689634 0.4431377947330475 0
1730583708197 0.4437939524650574 0
1730583726401 0.444448322057724 0
1730583744695 0.44505223631858826 0
1730583763131 0.44571003317832947 0
1730583781229 0.4463799297809601 0
1730583799398 0.44699954986572266 0
1730583817678 0.4476589560508728 0
1730583835956 0.44835108518600464 0
1730583854131 0.44899308681488037 0
1730583872390 0.4495989680290222 0
1730583890606 0.4502100646495819 0
1730583908791 0.4508744478225708 0
1730583927044 0.4515233039855957 0
1730583945436 0.45216360688209534 0
1730583963585 0.45275431871414185 0
1730583981856 0.45339125394821167 0
1730583999994 0.4540401101112366 0
1730584018115 0.4546668231487274 0
1730584036269 0.45523062348365784 0
1730584054972 0.455881267786026 0
1730584073224 0.4565437138080597 0
1730584091462 0.4571502208709717 0
1730584109777 0.4578024744987488 0
1730584127957 0.45843273401260376 0
1730584146132 0.4590410590171814 0
1730584164371 0.45966801047325134 0
1730584182551 0.46021929383277893 0
1730584200862 0.4608363211154938 0
1730584219044 0.46144500374794006 0
1730584237269 0.4620051681995392 0
1730584255433 0.46259063482284546 0
1730584273606 0.4631946384906769 0
1730584291896 0.46382376551628113 0
1730584310681 0.46442458033561707 0
1730584328950 0.46502381563186646 0
1730584347195 0.46561482548713684 0
1730584365748 0.4662242531776428 0
1730584383948 0.46683207154273987 0
1730584402115 0.4674515724182129 0
1730584420586 0.4680429995059967 0
1730584438766 0.46867915987968445 0
1730584457177 0.4693070650100708 0
1730584475503 0.4699333608150482 0
1730584493723 0.47054487466812134 0
1730584511825 0.4712073802947998 0
1730584530024 0.4718485176563263 0
1730584548210 0.472442090511322 0
1730584566639 0.4730472266674042 0
1730584584863 0.47363772988319397 0
1730584602959 0.4742332696914673 0
1730584621136 0.4748077094554901 0
1730584639274 0.4754067361354828 0
1730584657802 0.4759977459907532 0
1730584676027 0.4765872359275818 0
1730584694209 0.47718819975852966 0
1730584712478 0.47776171565055847 0
1730584730623 0.47837263345718384 0
1730584748869 0.4789755046367645 0
1730584767086 0.4795833230018616 0
1730584785406 0.4801638126373291 0
1730584803564 0.4807364046573639 0
1730584821838 0.4813268482685089 0
1730584840012 0.481935054063797 0
1730584858243 0.4825160801410675 0
1730584876398 0.4831084907054901 0
1730584894984 0.4837185740470886 0
1730584913191 0.4843015670776367 0
1730584931396 0.4848511815071106 0
1730584949969 0.48543769121170044 0
1730584968158 0.4859590530395508 0
1730584986268 0.48646000027656555 0
1730585004483 0.4869978427886963 0
1730585022740 0.48754069209098816 0
1730585040971 0.48813289403915405 0
1730585059159 0.48867931962013245 0
1730585077363 0.4892370104789734 0
1730585095509 0.4897933304309845 0
1730585113632 0.4903356730937958 0
1730585131956 0.4908829927444458 0
1730585150128 0.4914478063583374 0
1730585168421 0.49200496077537537 0
1730585186829 0.4924916923046112 0
1730585205463 0.49304619431495667 0
1730585223606 0.49358680844306946 0
1730585241836 0.4941198527812958 0
1730585260389 0.4946703314781189 0
1730585278583 0.4952319264411926 0
1730585296794 0.4957672357559204 0
1730585315070 0.49631989002227783 0
1730585333223 0.4968712031841278 0
1730585351364 0.49737775325775146 0
1730585369558 0.49790164828300476 0
1730585387803 0.4984552264213562 0
1730585405963 0.4989950954914093 0
1730585424280 0.49954602122306824 0
1730585442627 0.5000956058502197 0
1730585460884 0.500606894493103 0
1730585479076 0.5011416077613831 0
1730585497410 0.5016196370124817 0
1730585515583 0.5021886825561523 0
1730585533783 0.5026949644088745 0
1730585552385 0.5032368302345276 0
1730585570556 0.5037773847579956 0
1730585588713 0.5043166279792786 0
1730585607051 0.5048363208770752 0
1730585625416 0.5053607821464539 0
1730585643610 0.5059145092964172 0
1730585661832 0.5064547061920166 0
1730585680040 0.5069875717163086 0
1730585698158 0.5075070261955261 0
1730585716284 0.5080313086509705 0
1730585734537 0.5085301995277405 0
1730585752749 0.5090459585189819 0
1730585771074 0.5095363855361938 0
1730585789482 0.5100256204605103 0
1730585807642 0.5105257630348206 0
1730585825822 0.51103675365448 0
1730585843967 0.5115706324577332 0
1730585862479 0.5121212005615234 0
1730585880718 0.5125925540924072 0
1730585898917 0.5131106972694397 0
1730585917115 0.5136336088180542 0
1730585935294 0.5141314268112183 0
1730585953475 0.5146399736404419 0
1730585971758 0.5151533484458923 0
1730585989965 0.5156535506248474 0
1730586008222 0.5161764025688171 0
1730586026458 0.5166921019554138 0
1730586044602 0.5171532034873962 0
1730586062882 0.5176488161087036 0
1730586081023 0.5181432366371155 0
1730586099713 0.5186365246772766 0
1730586117998 0.5191227793693542 0
1730586136243 0.519637405872345 0
1730586154738 0.5201272368431091 0
1730586172871 0.5205865502357483 0
1730586191105 0.521062433719635 0
1730586209408 0.5215430855751038 0
1730586227773 0.5220285058021545 0
1730586245989 0.5224776864051819 0
1730586264312 0.5229316353797913 0
1730586283195 0.5234255194664001 0
1730586301362 0.5238948464393616 0
1730586319498 0.5243398547172546 0
1730586338009 0.5248012542724609 0
1730586356236 0.5252965092658997 0
1730586374776 0.5257790684700012 0
1730586393033 0.5262662768363953 0
1730586411200 0.5267640352249146 0
1730586429388 0.5272663831710815 0
1730586447787 0.5277734398841858 0
1730586466336 0.5282677412033081 0
1730586484532 0.5287667512893677 0
1730586502836 0.529229998588562 0
1730586521068 0.5297037363052368 0
1730586539189 0.5302109122276306 0
1730586557346 0.5307111740112305 0
1730586575627 0.5311988592147827 0
1730586594085 0.5316683053970337 0
1730586612301 0.5320907831192017 0
1730586630481 0.5325581431388855 0
1730586648651 0.5330415964126587 0
1730586666822 0.5335182547569275 0
1730586685047 0.5339823961257935 0
1730586703258 0.5344512462615967 0
1730586721472 0.5349019765853882 0
1730586739747 0.5353573560714722 0
1730586758343 0.5358344912528992 0
1730586776538 0.5362254977226257 0
1730586794753 0.5366722345352173 0
1730586813153 0.537146270275116 0
1730586831439 0.5375571250915527 0
1730586849624 0.5380235314369202 0
1730586868274 0.5385001301765442 0
1730586886434 0.5389813184738159 0
1730586904591 0.5394389629364014 0
1730586922721 0.5398787260055542 0
1730586941981 0.5403344035148621 0
1730586960387 0.5407497882843018 0
1730586978688 0.5412147045135498 0
1730586996854 0.5416393876075745 0
1730587014988 0.5420855283737183 0
1730587033243 0.5425362586975098 0
1730587051872 0.542946994304657 0
1730587070245 0.5434181094169617 0
1730587088448 0.5438492298126221 0
1730587106735 0.5442960858345032 0
1730587124908 0.5447142124176025 0
1730587143072 0.5451757907867432 0
1730587161218 0.545608639717102 0
1730587179524 0.5460516214370728 0
1730587197721 0.5465047359466553 0
1730587216029 0.5469513535499573 0
1730587234328 0.5473859310150146 0
1730587252490 0.5478361248970032 0
1730587270667 0.5482908487319946 0
1730587288975 0.5487391352653503 0
1730587307264 0.5491918921470642 0
1730587325534 0.549632728099823 0
1730587343834 0.5500616431236267 0
1730587362200 0.5504677295684814 0
1730587380414 0.5509003400802612 0
1730587398589 0.5513374209403992 0
1730587416945 0.5517299771308899 0
1730587435389 0.5521325469017029 0
1730587453628 0.5525887608528137 0
1730587471768 0.5530330538749695 0
1730587489939 0.553471028804779 0
1730587508091 0.5539080500602722 0
1730587526244 0.5543386936187744 0
1730587544617 0.5547847151756287 0
1730587562842 0.5551918745040894 0
1730587581140 0.5556198358535767 0
1730587599358 0.5560468435287476 0
1730587617514 0.5564945340156555 0
1730587635618 0.5568981766700745 0
1730587654279 0.5572956204414368 0
1730587672583 0.5577083230018616 0
1730587690804 0.5581255555152893 0
1730587709162 0.558552622795105 0
1730587727322 0.5589680671691895 0
1730587745462 0.5593665838241577 0
1730587763661 0.5597802996635437 0
1730587782120 0.5602092146873474 0
1730587800336 0.5606318712234497 0
1730587818622 0.5610643029212952 0
1730587836802 0.5614904761314392 0
1730587854950 0.5618838667869568 0
1730587873106 0.5622764825820923 0
1730587891400 0.562705397605896 0
1730587910538 0.563117504119873 0
1730587928836 0.5635181665420532 0
1730587947243 0.5639444589614868 0
1730587965739 0.5643487572669983 0
1730587983886 0.5647416114807129 0
1730588002111 0.5651705861091614 0
1730588020407 0.5655828714370728 0
1730588038641 0.5659943222999573 0
1730588056947 0.566373348236084 0
1730588075181 0.5667936205863953 0
1730588093427 0.5671868324279785 0
1730588111579 0.5675634741783142 0
1730588129870 0.5679655075073242 0
1730588148165 0.5683771967887878 0
1730588166416 0.5687723755836487 0
1730588184722 0.569140613079071 0
1730588202880 0.5695446729660034 0
1730588221053 0.5699530243873596 0
1730588239255 0.570365846157074 0
1730588257793 0.5707621574401855 0
1730588276012 0.5711420774459839 0
1730588294306 0.5715316534042358 0
1730588312553 0.5719203948974609 0
1730588330691 0.572308361530304 0
1730588348866 0.5726903676986694 0
1730588367060 0.5730612277984619 0
1730588385338 0.573467493057251 0
1730588403561 0.5738471746444702 0
1730588421887 0.5742157697677612 0
1730588440931 0.5745990872383118 0
1730588459571 0.574997067451477 0
1730588478081 0.5753839015960693 0
1730588496404 0.575759768486023 0
1730588514679 0.5761758685112 0
1730588532955 0.576575756072998 0
1730588551423 0.5769492387771606 0
1730588569610 0.5773373246192932 0
1730588587836 0.5777246952056885 0
1730588606105 0.5781214237213135 0
1730588624399 0.5785071849822998 0
1730588642697 0.5788717865943909 0
1730588660977 0.5792560577392578 0
1730588679868 0.579634428024292 0
1730588698040 0.580007016658783 0
1730588716207 0.5803838968276978 0
1730588734572 0.5807803273200989 0
1730588752820 0.5811557173728943 0
1730588771055 0.5815303325653076 0
1730588789447 0.5819042325019836 0
1730588807587 0.5822774171829224 0
1730588825800 0.582649827003479 0
1730588843986 0.5830366015434265 0
1730588862627 0.5834276676177979 0
1730588880994 0.5837777256965637 0
1730588899269 0.5841522216796875 0
1730588917454 0.5845410823822021 0
1730588935642 0.5849291086196899 0
1730588953817 0.5853114128112793 0
1730588972079 0.5856578946113586 0
1730588990331 0.5860187411308289 0
1730589008570 0.5863938331604004 0
1730589026758 0.5867682099342346 0
1730589044854 0.5871368646621704 0
1730589062994 0.5875147581100464 0
1730589081120 0.5878819227218628 0
1730589099399 0.5882484316825867 0
1730589117743 0.5886142253875732 0
1730589136372 0.5889891982078552 0
1730589154815 0.5893634557723999 0
1730589172947 0.5897419452667236 0
1730589191128 0.590104877948761 0
1730589209404 0.5904621481895447 0
1730589227721 0.5908137559890747 0
1730589246018 0.5911844372749329 0
1730589264286 0.5915396809577942 0
1730589282458 0.5919089317321777 0
1730589300547 0.5922725796699524 0
1730589318685 0.5926453471183777 0
1730589336940 0.5929977297782898 0
1730589355130 0.5933544039726257 0
1730589373345 0.5937250852584839 0
1730589391856 0.5940754413604736 0
1730589410000 0.5944300293922424 0
1730589428383 0.5947985649108887 0
1730589446622 0.5951469540596008 0
1730589465143 0.5955092310905457 0
1730589483319 0.595870852470398 0
1730589501637 0.596217155456543 0
1730589519821 0.596567690372467 0
1730589538025 0.5969321131706238 0
1730589556159 0.597281277179718 0
1730589574522 0.5976346731185913 0
1730589592768 0.5980067253112793 0
1730589611069 0.5983538627624512 0
1730589629230 0.5986859202384949 0
1730589647391 0.5990124344825745 0
1730589665646 0.5993866324424744 0
1730589683799 0.5997215509414673 0
1730589702378 0.6000510454177856 0
1730589720904 0.6003750562667847 0
1730589739101 0.6007128953933716 0
1730589757520 0.6010405421257019 0
1730589775617 0.6013675332069397 0
1730589793801 0.6016795039176941 0
1730589812068 0.6020053029060364 0
1730589830320 0.6023305058479309 0
1730589848566 0.6026741862297058 0
1730589866852 0.6029980778694153 0
1730589885931 0.6033309698104858 0
1730589904145 0.60367751121521 0
1730589922335 0.6040281653404236 0
1730589940754 0.6043543815612793 0
1730589959002 0.6046942472457886 0
1730589977600 0.6050287485122681 0
1730589995782 0.6053388714790344 0
1730590013995 0.6056532263755798 0
1730590032160 0.605981171131134 0
1730590050576 0.6063321232795715 0
1730590068944 0.6066824197769165 0
1730590087238 0.6070227026939392 0
1730590105554 0.6073622703552246 0
1730590123657 0.6076824069023132 0
1730590141805 0.6080066561698914 0
1730590160015 0.6083303093910217 0
1730590178482 0.6086533665657043 0
1730590196821 0.6089805364608765 0
1730590215255 0.6093164682388306 0
1730590233444 0.6096283197402954 0
1730590251572 0.6099677681922913 0
1730590269727 0.6102831363677979 0
1730590287973 0.6106073260307312 0
1730590306257 0.610954225063324 0
1730590324527 0.611277163028717 0
1730590342783 0.6116042137145996 0
1730590361235 0.6119213104248047 0
1730590379425 0.6122471690177917 0
1730590397628 0.6125538349151611 0
1730590416280 0.6128831505775452 0
1730590434515 0.6132211685180664 0
1730590452821 0.6135353446006775 0
1730590471409 0.6138628721237183 0
1730590489597 0.6141852140426636 0
1730590507727 0.6145161986351013 0
1730590525977 0.6148419380187988 0
1730590545348 0.6151532530784607 0
1730590564100 0.6154686212539673 0
1730590582344 0.6157972812652588 0
1730590600563 0.6161298751831055 0
1730590618799 0.6164159178733826 0
1730590636967 0.6167382001876831 0
1730590655550 0.6170599460601807 0
1730590673748 0.6173765063285828 0
1730590692098 0.6177015900611877 0
1730590710481 0.6180399060249329 0
1730590728629 0.6183409690856934 0
1730590746791 0.618632435798645 0
1730590765078 0.6189552545547485 0
1730590783216 0.6192501783370972 0
1730590801433 0.6195582151412964 0
1730590819639 0.6198475360870361 0
1730590837986 0.6201545000076294 0
1730590856122 0.6204700469970703 0
1730590874313 0.6207849979400635 0
1730590892553 0.6210767030715942 0
1730590910754 0.6213950514793396 0
1730590929044 0.6217219233512878 0
1730590947403 0.6220437288284302 0
1730590965865 0.6223423480987549 0
1730590983986 0.6226539611816406 0
1730591002238 0.6229515075683594 0
1730591020518 0.6232620477676392 0
1730591038793 0.6235629916191101 0
1730591057021 0.6238724589347839 0
1730591075240 0.6241858601570129 0
1730591093421 0.624494194984436 0
1730591111603 0.6248065233230591 0
1730591129833 0.6251092553138733 0
1730591148124 0.625402569770813 0
1730591166344 0.6256774663925171 0
1730591184649 0.6259786486625671 0
1730591202792 0.6262927651405334 0
1730591220933 0.6265929341316223 0
1730591239124 0.6268791556358337 0
1730591257617 0.6271783113479614 0
1730591275866 0.6274902820587158 0
1730591294105 0.6277838945388794 0
1730591312416 0.6280592083930969 0
1730591330575 0.6283695697784424 0
1730591348722 0.6286793947219849 0
1730591366922 0.6289620995521545 0
1730591385196 0.6292665004730225 0
1730591403579 0.629548192024231 0
1730591421840 0.629838228225708 0
1730591440078 0.6301454305648804 0
1730591458336 0.6304433345794678 0
1730591476511 0.6307186484336853 0
1730591494854 0.6310243010520935 0
1730591513693 0.6313162446022034 0
1730591531852 0.631616473197937 0
1730591550365 0.6319117546081543 0
1730591568550 0.6322021484375 0
1730591586700 0.6324920654296875 0
1730591605037 0.6327771544456482 0
1730591623318 0.6330704092979431 0
1730591641689 0.6333588361740112 0
1730591659863 0.63362056016922 0
1730591678100 0.6339123845100403 0
1730591696241 0.6342124342918396 0
1730591714378 0.6345032453536987 0
1730591732671 0.6347979307174683 0
1730591750930 0.635087788105011 0
1730591769165 0.6353684067726135 0
1730591787431 0.6356572508811951 0
1730591805547 0.635949969291687 0
1730591823757 0.6362508535385132 0
1730591841915 0.6365382075309753 0
1730591860738 0.6368207335472107 0
1730591878919 0.637098491191864 0
1730591897409 0.6373757719993591 0
1730591915626 0.6376568675041199 0
1730591933804 0.6379289031028748 0
1730591952035 0.6382047533988953 0
1730591970295 0.6384930610656738 0
1730591988633 0.6387766003608704 0
1730592006832 0.6390467286109924 0
1730592025088 0.6393207311630249 0
1730592043223 0.639598548412323 0
1730592061450 0.6398887634277344 0
1730592079670 0.6401699185371399 0
1730592097957 0.6404463648796082 0
1730592116188 0.6407180428504944 0
1730592134421 0.641006350517273 0
1730592153139 0.6412770748138428 0
1730592171261 0.6415601968765259 0
1730592189404 0.641842782497406 0
1730592207936 0.6421164274215698 0
1730592226184 0.6424024105072021 0
1730592244453 0.6426963806152344 0
1730592262738 0.6429643630981445 0
1730592280997 0.6432530879974365 0
1730592299223 0.643532931804657 0
1730592317418 0.6438080072402954 0
1730592336578 0.6440784335136414 0
1730592354779 0.6443610787391663 0
1730592373104 0.644643247127533 0
1730592391664 0.64490807056427 0
1730592409869 0.645180881023407 0
1730592428090 0.645474374294281 0
1730592446472 0.6457378268241882 0
1730592464904 0.6460050940513611 0
1730592483374 0.6462550759315491 0
1730592501692 0.646513044834137 0
1730592519885 0.6467747688293457 0
1730592538073 0.6470528841018677 0
1730592556337 0.6473179459571838 0
1730592574685 0.6475741863250732 0
1730592592938 0.6478300094604492 0
1730592611185 0.6480854749679565 0
1730592629503 0.6483320593833923 0
1730592647614 0.6485782861709595 0
1730592665817 0.6488491892814636 0
1730592683965 0.6491029262542725 0
1730592702313 0.6493562459945679 0
1730592720585 0.6496091485023499 0
1730592738766 0.6498782634735107 0
1730592757200 0.6501428484916687 0
1730592775331 0.6504194140434265 0
1730592793471 0.6506747603416443 0
1730592811825 0.6509214639663696 0
1730592830011 0.6511801481246948 0
1730592848366 0.6514467000961304 0
1730592866632 0.6517004370689392 0
1730592884805 0.6519660949707031 0
1730592902981 0.6522231101989746 0
1730592921142 0.6524673104286194 0
1730592939366 0.6527276635169983 0
1730592957565 0.65297931432724 0
1730592976096 0.6532469987869263 0
1730592994404 0.6535061001777649 0
1730593012556 0.6537688374519348 0
1730593030766 0.6540352702140808 0
1730593049323 0.6543053984642029 0
1730593067597 0.6545668840408325 0
1730593085813 0.6548197269439697 0
1730593104107 0.6550885438919067 0
1730593122304 0.6553487777709961 0
1730593140414 0.6556167602539062 0
1730593158654 0.6558679342269897 0
1730593177039 0.6561187505722046 0
1730593195217 0.656381368637085 0
1730593213437 0.6566395163536072 0
1730593231683 0.6568850874900818 0
1730593249952 0.6571383476257324 0
1730593268119 0.6573911905288696 0
1730593286485 0.6576314568519592 0
1730593304900 0.6578835248947144 0
1730593323183 0.6581230163574219 0
1730593341435 0.6583702564239502 0
1730593359964 0.6586211323738098 0
1730593378144 0.6588554382324219 0
1730593396579 0.6591176390647888 0
1730593414994 0.6593713760375977 0
1730593433223 0.6596287488937378 0
1730593451424 0.6598776578903198 0
1730593469648 0.6601181030273438 0
1730593488601 0.660362184047699 0
1730593506743 0.6606138944625854 0
1730593525069 0.6608532071113586 0
1730593543314 0.6610921025276184 0
1730593561568 0.6613346934318542 0
1730593580166 0.6615848541259766 0
1730593598356 0.6618226170539856 0
1730593616527 0.6620760560035706 0
1730593634678 0.662333071231842 0
1730593653234 0.6625857353210449 0
1730593671456 0.6628219485282898 0
1730593689739 0.6630498766899109 0
1730593707938 0.6632933616638184 0
1730593726120 0.6635324954986572 0
1730593744304 0.6637911200523376 0
1730593762447 0.6640454530715942 0
1730593780734 0.6642913818359375 0
1730593798906 0.6645448803901672 0
1730593817350 0.6647900342941284 0
1730593835561 0.6650387644767761 0
1730593853741 0.6652712821960449 0
1730593871950 0.6655034422874451 0
1730593890223 0.6657273173332214 0
1730593908483 0.6659706234931946 0
1730593926715 0.6661858558654785 0
1730593944960 0.6664205193519592 0
1730593963334 0.6666548252105713 0
1730593981498 0.666896641254425 0
1730594000057 0.6671302318572998 0
1730594018344 0.6673792004585266 0
1730594036539 0.66762775182724 0
1730594054719 0.667864203453064 0
1730594073297 0.6680923700332642 0
1730594091542 0.668308436870575 0
1730594109716 0.6685358881950378 0
1730594127983 0.6687591075897217 0
1730594147047 0.6689898371696472 0
1730594165494 0.6692162752151489 0
1730594183741 0.6694462895393372 0
1730594201967 0.6696837544441223 0
1730594220242 0.6699286699295044 0
1730594238407 0.6701654195785522 0
1730594256931 0.6703940033912659 0
1730594275423 0.6706183552742004 0
1730594293613 0.6708462238311768 0
1730594311873 0.6710737347602844 0
1730594330057 0.671320378780365 0
1730594348207 0.6715588569641113 0
1730594366470 0.671796977519989 0
1730594384747 0.6720192432403564 0
1730594403254 0.6722605228424072 0
1730594421465 0.6724898219108582 0
1730594439697 0.6727303862571716 0
1730594457857 0.6729705333709717 0
1730594476011 0.6731988191604614 0
1730594494295 0.6734344363212585 0
1730594512464 0.673677384853363 0
1730594530587 0.6739161610603333 0
1730594549223 0.6741507053375244 0
1730594567447 0.6743733286857605 0
1730594585624 0.6746071577072144 0
1730594603882 0.6748329997062683 0
1730594622164 0.6750738024711609 0
1730594640393 0.6753104329109192 0
1730594658618 0.6755352020263672 0
1730594676807 0.6757519841194153 0
1730594694991 0.6759645938873291 0
1730594713175 0.6761921644210815 0
1730594731422 0.6764079928398132 0
1730594749761 0.67664635181427 0
1730594768019 0.6768805980682373 0
1730594786196 0.6771029829978943 0
1730594804330 0.6773365139961243 0
1730594822581 0.6775544285774231 0
1730594840812 0.6777758598327637 0
1730594859319 0.6780007481575012 0
1730594877568 0.6782177090644836 0
1730594895749 0.6784343719482422 0
1730594914004 0.6786544919013977 0
1730594932152 0.6788856387138367 0
1730594950304 0.6791050434112549 0
1730594968557 0.6793203949928284 0
1730594986785 0.6795316338539124 0
1730595005280 0.6797576546669006 0
1730595023553 0.6799607276916504 0
1730595041825 0.6801823377609253 0
1730595059998 0.6804036498069763 0
1730595078130 0.6806170344352722 0
1730595096359 0.6808376908302307 0
1730595115265 0.6810504794120789 0
1730595133558 0.6812629699707031 0
1730595152341 0.6814901232719421 0
1730595170582 0.6817132234573364 0
1730595188879 0.6819360256195068 0
1730595207146 0.6821622252464294 0
1730595225589 0.6823693513870239 0
1730595243776 0.6825873851776123 0
1730595261974 0.6828163266181946 0
1730595280220 0.6830300092697144 0
1730595298454 0.683254599571228 0
1730595316727 0.6834825873374939 0
1730595335135 0.6836952567100525 0
1730595353338 0.6839039325714111 0
1730595371522 0.6841235160827637 0
1730595389961 0.6843389868736267 0
1730595408122 0.6845542192459106 0
1730595426240 0.684761643409729 0
1730595444703 0.6849650740623474 0
1730595463388 0.6851867437362671 0
1730595481594 0.6854044198989868 0
1730595499776 0.6856143474578857 0
1730595517959 0.6858239769935608 0
1730595536186 0.686037003993988 0
1730595554409 0.686231255531311 0
1730595572632 0.6864289045333862 0
1730595590837 0.6866409778594971 0
1730595609025 0.6868454217910767 0
1730595627200 0.6870458722114563 0
1730595645434 0.6872571110725403 0
1730595663644 0.6874606609344482 0
1730595681868 0.6876712441444397 0
1730595700176 0.687881588935852 0
1730595718531 0.6880915760993958 0
1730595736759 0.6883013248443604 0
1730595755176 0.6885180473327637 0
1730595773325 0.6887271404266357 0
1730595791520 0.6889249682426453 0
1730595809797 0.6891261339187622 0
1730595828095 0.6893306970596313 0
1730595846322 0.6895349621772766 0
1730595864682 0.6897498965263367 0
1730595883320 0.6899681687355042 0
1730595901466 0.690171480178833 0
1730595919681 0.6903672814369202 0
1730595937945 0.6905810236930847 0
1730595956245 0.6907762289047241 0
1730595974575 0.690978467464447 0
1730595992850 0.69117671251297 0
1730596011112 0.691389262676239 0
1730596029266 0.6915942430496216 0
1730596047468 0.6917916536331177 0
1730596066026 0.6919960975646973 0
1730596084192 0.692207396030426 0
1730596102470 0.6924039721488953 0
1730596120678 0.6926038861274719 0
1730596138839 0.6928107738494873 0
1730596157154 0.6930065155029297 0
1730596175575 0.6932127475738525 0
1730596193969 0.6934043169021606 0
1730596212149 0.6935956478118896 0
1730596230348 0.6938010454177856 0
1730596248507 0.6939954161643982 0
1730596266771 0.6942002773284912 0
1730596284979 0.694401204586029 0
1730596303352 0.6946055293083191 0
1730596321548 0.694805920124054 0
1730596339737 0.6950060129165649 0
1730596358307 0.6952094435691833 0
1730596376485 0.6953946948051453 0
1730596394827 0.6955940127372742 0
1730596413152 0.6958073377609253 0
1730596431353 0.6960131525993347 0
1730596449594 0.6962152123451233 0
1730596467839 0.6964061856269836 0
1730596486039 0.6965862512588501 0
1730596504256 0.6967732310295105 0
1730596522460 0.6969670057296753 0
1730596540746 0.697160542011261 0
1730596558931 0.6973608732223511 0
1730596577158 0.6975502967834473 0
1730596595334 0.6977501511573792 0
1730596613501 0.6979567408561707 0
1730596631722 0.6981489062309265 0
1730596650371 0.6983550190925598 0
1730596668763 0.6985501646995544 0
1730596686995 0.69875568151474 0
1730596705248 0.6989609003067017 0
1730596723525 0.6991340517997742 0
1730596741711 0.6993245482444763 0
1730596759924 0.6995218992233276 0
1730596778240 0.6997013688087463 0
1730596796427 0.6998735070228577 0
1730596814637 0.7000630497932434 0
1730596832888 0.7002487778663635 0
1730596851051 0.7004342675209045 0
1730596869260 0.7006264925003052 0
1730596887613 0.7008219957351685 0
1730596906037 0.7010207176208496 0
1730596924969 0.7012121677398682 0
1730596943234 0.7014068961143494 0
1730596961744 0.7015942931175232 0
1730596979950 0.7017884850502014 0
1730596998157 0.701978862285614 0
1730597016489 0.7021620273590088 0
1730597034680 0.7023553848266602 0
1730597052887 0.7025589942932129 0
1730597071140 0.7027448415756226 0
1730597090206 0.7029234766960144 0
1730597108461 0.7031088471412659 0
1730597126714 0.7032974362373352 0
1730597145165 0.7034753561019897 0
1730597163401 0.7036460638046265 0
1730597181996 0.7038373351097107 0
1730597200255 0.7040318846702576 0
1730597218417 0.7042226791381836 0
1730597236635 0.7044097185134888 0
1730597255373 0.7045861482620239 0
1730597273603 0.7047796249389648 0
1730597291778 0.7049763202667236 0
1730597310176 0.7051623463630676 0
1730597328384 0.7053309082984924 0
1730597346566 0.7055164575576782 0
1730597364797 0.7057052254676819 0
1730597383226 0.7059040665626526 0
1730597401431 0.7060922980308533 0
1730597419618 0.706283688545227 0
1730597438074 0.7064714431762695 0
1730597456253 0.7066555023193359 0
1730597474442 0.7068220973014832 0
1730597492722 0.7070125341415405 0
1730597510992 0.7071992754936218 0
1730597529246 0.7073891758918762 0
1730597547465 0.7075753808021545 0
1730597565846 0.7077682018280029 0
1730597583995 0.7079402804374695 0
1730597602234 0.7081189155578613 0
1730597620620 0.7082836627960205 0
1730597638867 0.708454966545105 0
1730597657117 0.7086260914802551 0
1730597675877 0.7088038325309753 0
1730597694059 0.7089881300926208 0
1730597712216 0.7091687321662903 0
1730597730651 0.709342360496521 0
1730597750017 0.7095326781272888 0
1730597768513 0.7097160220146179 0
1730597786815 0.7099058628082275 0
1730597805033 0.710081934928894 0
1730597823220 0.7102611064910889 0
1730597841368 0.7104366421699524 0
1730597859924 0.710601806640625 0
1730597878144 0.7107735276222229 0
1730597896339 0.7109416723251343 0
1730597914627 0.711126446723938 0
1730597932776 0.711304247379303 0
1730597950967 0.7114750146865845 0
1730597969247 0.7116489410400391 0
1730597987494 0.7118125557899475 0
1730598005790 0.7119759321212769 0
1730598024205 0.7121526002883911 0
1730598042357 0.7122986912727356 0
1730598060579 0.7124748826026917 0
1730598078749 0.7126542329788208 0
1730598097106 0.7128332853317261 0
1730598115306 0.713012158870697 0
1730598133572 0.7131706476211548 0
1730598152142 0.7133356332778931 0
1730598170266 0.7135071158409119 0
1730598188425 0.713681697845459 0
1730598206700 0.7138527035713196 0
1730598224971 0.7140235304832458 0
1730598243210 0.7141807079315186 0
1730598261399 0.7143644094467163 0
1730598279623 0.7145378589630127 0
1730598297766 0.7147077918052673 0
1730598315984 0.7148874402046204 0
1730598334320 0.7150635719299316 0
1730598352491 0.7152394652366638 0
1730598370687 0.7154183983802795 0
1730598389319 0.7155871987342834 0
1730598407481 0.7157590389251709 0
1730598425667 0.7159439921379089 0
1730598443846 0.7161186933517456 0
1730598462341 0.7162865996360779 0
1730598480521 0.7164642214775085 0
1730598498831 0.7166448831558228 0
1730598517002 0.7168220281600952 0
1730598535183 0.7169923186302185 0
1730598553375 0.7171590924263 0
1730598571627 0.7173355221748352 0
1730598589888 0.717505156993866 0
1730598608146 0.7176745533943176 0
1730598626382 0.7178470492362976 0
1730598644552 0.7180094122886658 0
1730598662697 0.7181715965270996 0
1730598680854 0.718326985836029 0
1730598699165 0.7184821963310242 0
1730598718074 0.7186306118965149 0
1730598736388 0.7187952399253845 0
1730598754901 0.7189531326293945 0
1730598773073 0.7191271781921387 0
1730598791245 0.7192715406417847 0
1730598809530 0.7194386124610901 0
1730598827730 0.7196021676063538 0
1730598845893 0.719775378704071 0
1730598864232 0.7199352979660034 0
1730598882453 0.7200982570648193 0
1730598900664 0.7202642560005188 0
1730598918838 0.7204235196113586 0
1730598937157 0.7205923795700073 0
1730598955333 0.7207480072975159 0
1730598973590 0.7209164500236511 0
1730598991898 0.7210846543312073 0
1730599010120 0.7212559580802917 0
1730599028337 0.721417248249054 0
1730599046656 0.7215847969055176 0
1730599065241 0.721735954284668 0
1730599083425 0.7219030857086182 0
1730599101908 0.722070038318634 0
1730599120297 0.7222400307655334 0
1730599138668 0.7224065661430359 0
1730599156981 0.7225664258003235 0
1730599175404 0.7227292656898499 0
1730599193596 0.7229048609733582 0
1730599211782 0.7230673432350159 0
1730599230070 0.7232263684272766 0
1730599248247 0.7233884334564209 0
1730599266409 0.723553478717804 0
1730599284687 0.7237215638160706 0
1730599302923 0.7238797545433044 0
1730599321172 0.7240442037582397 0
1730599342929 0.7242116332054138 0
1730599367831 0.7243660092353821 0
1730599391938 0.7245266437530518 0
1730599413712 0.7246870398521423 0
