1730603167981 4.198374271392822 0
1730603169486 4.309698104858398 0
1730603169704 4.310877323150635 0
1730603169929 4.262838363647461 0
1730603170150 4.216718673706055 0
1730603170382 4.388901233673096 0
1730603170448 4.377129077911377 0
1730603170685 4.377553462982178 0
1730603170752 4.149247169494629 0
1730603170976 4.21779727935791 0
1730603171226 4.019040107727051 0
1730603171290 4.059178829193115 0
1730603171509 4.185225009918213 0
1730603171575 3.977970600128174 0
1730603171797 5.761697292327881 0
1730603172068 3.4194228649139404 0
1730603172288 4.153728485107422 0
1730603172354 5.100583076477051 0
1730603172420 3.95051908493042 0
1730603172651 4.151643753051758 0
1730603172876 4.570639610290527 0
1730603172948 4.614677429199219 0
1730603173227 4.5496826171875 0
1730603173305 4.588526725769043 0
1730603173546 4.458360195159912 0
1730603173765 4.368844985961914 0
1730603173829 4.523024559020996 0
1730603173902 4.886508941650391 0
1730603173969 3.9217803478240967 0
1730603174192 3.9592676162719727 0
1730603174260 4.297779560089111 0
1730603174323 3.7562246322631836 0
1730603174541 3.9205851554870605 0
1730603174605 4.134244918823242 0
1730603174668 3.376152992248535 0
1730603174734 7.24673318862915 0
1730603174953 1.2899606227874756 0
1730603175017 4.873710632324219 0
1730603175100 6.3310041427612305 0
1730603175179 6.1232428550720215 0
1730603175481 3.9419448375701904 0
1730603175748 4.523761749267578 0
1730603175839 4.451179027557373 0
1730603175929 4.204833507537842 0
1730603176012 4.8772430419921875 0
1730603176091 4.20514440536499 0
1730603176364 3.9705374240875244 0
1730603176445 4.013861656188965 0
1730603176517 4.180713653564453 0
1730603176586 4.018735885620117 0
1730603176653 4.158542156219482 0
1730603176717 4.487380027770996 0
1730603176989 4.087185859680176 0
1730603177051 4.275454521179199 0
1730603177271 4.805064678192139 0
1730603177333 4.553984642028809 0
1730603177554 4.404384613037109 0
1730603177622 4.496695041656494 0
1730603177848 4.103607177734375 0
1730603177917 4.613518714904785 0
1730603177988 4.45414400100708 0
1730603178062 4.427796363830566 0
1730603178285 4.321829795837402 0
1730603178349 4.428247928619385 0
1730603178581 3.7403275966644287 0
1730603178813 3.93989634513855 0
1730603178887 3.92094349861145 0
1730603178966 3.7800981998443604 0
1730603179043 4.836620330810547 0
1730603179118 4.2684478759765625 0
1730603179193 4.137882232666016 0
1730603179429 4.635784149169922 0
1730603179491 4.442503929138184 0
1730603179558 4.085526466369629 0
1730603179634 4.153080940246582 0
1730603179710 4.7723236083984375 0
1730603179787 3.965728521347046 0
1730603179858 4.284266948699951 0
1730603179929 4.613417625427246 0
1730603179993 4.212746620178223 0
1730603180086 4.694019317626953 0
1730603180157 3.8201382160186768 0
1730603180235 4.465075492858887 0
1730603180305 4.789196968078613 0
1730603180374 4.547846794128418 0
1730603180436 4.727385520935059 0
1730603180499 4.252746105194092 0
1730603180573 4.196114540100098 0
1730603180649 4.242980480194092 0
1730603180723 4.45385217666626 0
1730603180951 4.643160820007324 0
1730603181014 4.932697296142578 0
1730603181077 4.30670690536499 0
1730603181139 4.665402889251709 0
1730603181202 3.95430326461792 0
1730603181269 4.049583435058594 0
1730603181334 4.411604404449463 0
1730603181397 3.8639471530914307 0
1730603181465 3.9969210624694824 0
1730603181527 3.8237714767456055 0
1730603181594 4.460039138793945 0
1730603181918 4.209460735321045 0
1730603182019 4.4869232177734375 0
1730603182145 4.35117244720459 0
1730603182223 4.42333459854126 0
1730603182301 4.322377681732178 0
1730603182366 4.816391468048096 0
1730603182433 4.094996452331543 0
1730603182500 4.343255519866943 0
1730603182782 3.962693691253662 0
1730603182848 4.496873378753662 0
1730603182915 4.2867937088012695 0
1730603182979 4.627536296844482 0
1730603183048 4.174748420715332 0
1730603183162 4.298335075378418 0
1730603183316 4.823125839233398 0
1730603183422 4.127800941467285 0
1730603183554 3.892862558364868 0
1730603183702 4.416728973388672 0
1730603183945 4.261782169342041 0
1730603184008 4.375648021697998 0
1730603184113 3.8426601886749268 0
1730603184180 4.2504143714904785 0
1730603184253 4.101467132568359 0
1730603184365 4.038384437561035 0
1730603184432 3.963315010070801 0
1730603184502 4.228744029998779 0
1730603184596 3.7311010360717773 0
1730603184693 4.887147903442383 0
1730603184825 4.218919277191162 0
1730603184968 4.92716646194458 0
1730603185072 4.232814788818359 0
1730603185149 4.302358627319336 0
1730603185218 4.193949222564697 0
1730603185283 5.010377883911133 0
1730603185361 4.159970760345459 0
1730603185442 4.150079727172852 0
1730603185517 4.27349328994751 0
1730603185813 3.8475656509399414 0
1730603185880 4.132954120635986 0
1730603185950 4.95809268951416 0
1730603186030 3.834305763244629 0
1730603186101 3.983330249786377 0
1730603186175 4.198606967926025 0
1730603186247 4.192089080810547 0
1730603186315 4.624685287475586 0
1730603186419 4.132315158843994 0
1730603186523 4.396791934967041 0
1730603186597 4.992450714111328 0
1730603186667 4.919962406158447 0
1730603186744 4.576743125915527 0
1730603186825 3.8838613033294678 0
1730603186904 4.110175132751465 0
1730603186976 3.9036483764648438 0
1730603187049 4.144931316375732 0
1730603187276 4.50347375869751 0
1730603187636 4.124107837677002 0
1730603187805 3.8851003646850586 0
1730603187912 4.173386096954346 0
1730603188388 4.563072681427002 0
1730603188493 4.098428249359131 0
1730603188599 4.315572738647461 0
1730603188742 4.196747779846191 0
1730603188872 4.355499744415283 0
1730603188994 4.10929012298584 0
1730603189096 4.829248428344727 0
1730603189380 4.041985511779785 0
1730603189510 4.0431694984436035 0
1730603189622 4.302889823913574 0
1730603189715 4.134328842163086 0
1730603189813 4.111416816711426 0
1730603189923 5.164700508117676 0
1730603190034 5.21440315246582 0
1730603190358 4.198514938354492 0
1730603190740 3.8184754848480225 0
1730603190992 3.9930529594421387 0
1730603191158 4.4457621574401855 0
1730603191689 4.254439353942871 0
1730603191855 3.998833179473877 0
1730603191984 4.431452751159668 0
1730603192090 5.293447017669678 0
1730603192236 4.097487926483154 0
1730603192354 4.005677223205566 0
1730603192464 3.982623815536499 0
1730603192556 3.932842254638672 0
1730603192660 4.306527137756348 0
1730603192773 4.402212619781494 0
1730603192927 5.282486438751221 0
1730603193119 3.950284242630005 0
1730603193309 4.247509956359863 0
1730603193405 3.9727699756622314 0
1730603193508 4.262537002563477 0
1730603193618 4.112481594085693 0
1730603193746 3.7383458614349365 0
1730603193857 5.316658973693848 0
1730603193955 4.377622127532959 0
1730603194217 4.8428168296813965 0
1730603194359 4.1097235679626465 0
1730603194432 4.05665922164917 0
1730603194514 4.82213830947876 0
1730603194581 3.9107203483581543 0
1730603194646 4.400994777679443 0
1730603194716 5.055506229400635 0
1730603194792 4.850798606872559 0
1730603194882 5.181892395019531 0
1730603195151 5.228526592254639 0
1730603195244 4.145153999328613 0
1730603195349 4.164283752441406 0
1730603195422 3.707798480987549 0
1730603195499 4.076338291168213 0
1730603195583 3.874819278717041 0
1730603195655 3.88271164894104 0
1730603195722 3.8602347373962402 0
1730603195810 4.2159037590026855 0
1730603195893 4.9861249923706055 0
1730603196165 4.523993492126465 0
1730603196233 4.1634626388549805 0
1730603196298 5.167184829711914 0
1730603196364 4.950809001922607 0
1730603196432 4.239832878112793 0
1730603196526 4.719595909118652 0
1730603196607 4.039123058319092 0
1730603196717 5.109004497528076 0
1730603196827 3.8476994037628174 0
1730603196918 4.188342571258545 0
1730603196998 3.9594764709472656 0
1730603197072 4.783905982971191 0
1730603197141 4.515807151794434 0
1730603197204 3.9965667724609375 0
1730603197269 3.8227100372314453 0
1730603197336 4.065548419952393 0
1730603197401 4.093857288360596 0
1730603197466 4.922606468200684 0
1730603197529 4.079146385192871 0
1730603197593 4.729160308837891 0
1730603197663 4.717315673828125 0
1730603197728 4.144439697265625 0
1730603197793 4.8392534255981445 0
1730603197857 4.214544296264648 0
1730603197921 4.05564546585083 0
1730603197985 4.202566623687744 0
1730603198054 5.555302619934082 0
1730603198116 4.271438121795654 0
1730603198179 4.037206649780273 0
1730603198240 4.113214015960693 0
1730603198304 4.126394748687744 0
1730603198369 4.143231391906738 0
1730603198434 3.7729790210723877 0
1730603198499 4.763678550720215 0
1730603198564 4.053702354431152 0
1730603198633 4.451427459716797 0
1730603198698 4.108983516693115 0
1730603198762 5.45747709274292 0
1730603198826 3.999539852142334 0
1730603198890 4.120678901672363 0
1730603198960 4.593891620635986 0
1730603199032 4.564851760864258 0
1730603199104 4.093314170837402 0
1730603199170 4.170141220092773 0
1730603199238 4.162130355834961 0
1730603199308 3.9340803623199463 0
1730603199376 4.067625522613525 0
1730603199440 4.108332633972168 0
1730603199513 4.12804651260376 0
1730603199580 4.093264579772949 0
1730603199644 4.032363414764404 0
1730603199705 3.7408390045166016 0
1730603199769 4.029244422912598 0
1730603199835 4.073924541473389 0
1730603199899 4.5988335609436035 0
1730603199964 4.364490985870361 0
1730603200028 4.377205848693848 0
1730603200092 3.9606947898864746 0
1730603200153 3.955848217010498 0
1730603200216 3.9526870250701904 0
1730603200280 4.7693257331848145 0
1730603200342 4.391242980957031 0
1730603200404 4.357891082763672 0
1730603200466 3.8954451084136963 0
1730603200530 4.024757385253906 0
1730603200593 4.54794979095459 0
1730603200656 4.133265018463135 0
1730603200718 4.075969696044922 0
1730603200781 4.0814208984375 0
1730603200844 4.019555568695068 0
1730603200906 3.99277400970459 0
1730603200968 4.005916118621826 0
1730603201197 3.9863905906677246 0
1730603201260 4.090579986572266 0
1730603201322 4.084673881530762 0
1730603201385 4.435092449188232 0
1730603201452 5.78402042388916 0
1730603201523 4.315699577331543 0
1730603201604 3.8513429164886475 0
1730603201690 4.04068660736084 0
1730603201786 4.291064262390137 0
1730603201872 3.8813209533691406 0
1730603201955 4.018298625946045 0
1730603202041 3.7558705806732178 0
1730603202121 4.365954399108887 0
1730603202193 5.689538478851318 0
1730603202268 4.253826141357422 0
1730603202352 4.913745403289795 0
1730603202438 4.585268020629883 0
1730603202522 5.63554573059082 0
1730603202599 4.229223728179932 0
1730603202665 4.378436088562012 0
1730603202730 5.118353843688965 0
1730603202813 4.713889122009277 0
1730603202907 4.383237361907959 0
1730603203025 4.327065944671631 0
1730603203141 3.724841356277466 0
1730603203234 5.079331398010254 0
1730603203314 4.092001914978027 0
1730603203388 5.517709732055664 0
1730603203462 3.882138729095459 0
1730603203527 3.7380306720733643 0
1730603203589 4.87263822555542 0
1730603203651 3.9453461170196533 0
1730603203718 3.9141416549682617 0
1730603203784 4.252087116241455 0
1730603203850 4.830585479736328 0
1730603203917 4.993019104003906 0
1730603203984 4.044991970062256 0
1730603204057 4.150051593780518 0
1730603204171 3.9768669605255127 0
1730603204355 4.497671127319336 0
1730603204468 4.721366882324219 0
1730603204548 4.562173843383789 0
1730603204640 3.8145697116851807 0
1730603204716 4.279599189758301 0
1730603204781 5.059554576873779 0
1730603204846 4.307475566864014 0
1730603204911 4.5521159172058105 0
1730603204975 4.45674991607666 0
1730603205041 3.983743906021118 0
1730603205107 4.047399520874023 0
1730603205174 4.065483093261719 0
1730603205252 4.034308433532715 0
1730603205336 5.344700813293457 0
1730603205424 4.094499588012695 0
1730603205506 3.9048781394958496 0
1730603205590 4.1624603271484375 0
1730603205672 4.069743633270264 0
1730603205755 4.364616394042969 0
1730603205844 4.0753045082092285 0
1730603205931 4.056110382080078 0
1730603206004 3.9618611335754395 0
1730603206078 4.052595138549805 0
1730603206147 4.042538642883301 0
1730603206211 3.9571235179901123 0
1730603206274 4.807923793792725 0
1730603206336 4.379411220550537 0
1730603206411 4.002373218536377 0
1730603206473 4.775679588317871 0
1730603206538 3.8746161460876465 0
1730603206609 5.2657294273376465 0
1730603206691 3.8966052532196045 0
1730603206759 4.204172134399414 0
1730603206822 4.136107921600342 0
1730603206896 4.330348014831543 0
1730603206976 4.565188884735107 0
1730603207046 4.567775726318359 0
1730603207109 4.037344455718994 0
1730603207219 4.538294315338135 0
1730603207299 5.133190155029297 0
1730603207381 3.846489667892456 0
1730603207463 4.295835494995117 0
1730603207547 4.079082012176514 0
1730603207624 3.956110715866089 0
1730603207701 4.285233974456787 0
1730603207782 4.032276153564453 0
1730603207863 4.157986640930176 0
1730603207943 4.0328779220581055 0
1730603208021 4.374056816101074 0
1730603208102 4.511359691619873 0
1730603208184 4.670618057250977 0
1730603208271 3.9863364696502686 0
1730603208356 5.3895487785339355 0
1730603208444 4.120161056518555 0
1730603208524 4.502124309539795 0
1730603208603 3.9670145511627197 0
1730603208680 4.0416460037231445 0
1730603208756 4.087568759918213 0
1730603208834 4.500478267669678 0
1730603208912 4.561517238616943 0
1730603208988 3.958218812942505 0
1730603209071 4.179096698760986 0
1730603209149 4.452115535736084 0
1730603209222 3.9893925189971924 0
1730603209301 4.039301872253418 0
1730603209380 4.3161773681640625 0
1730603209540 4.045583724975586 0
1730603209620 4.256789684295654 0
1730603209709 4.728688716888428 0
1730603209791 4.781927108764648 0
1730603209864 4.413310527801514 0
1730603209939 3.913677930831909 0
1730603210014 4.406883239746094 0
1730603210089 4.75108528137207 0
1730603210160 4.295292377471924 0
1730603210231 4.332120895385742 0
1730603210304 3.8462469577789307 0
1730603210378 3.849447727203369 0
1730603210460 4.505797386169434 0
1730603210543 4.129321098327637 0
1730603210632 4.307231426239014 0
1730603210709 4.434211730957031 0
1730603210781 4.2465128898620605 0
1730603210854 4.251524925231934 0
1730603210927 4.419084548950195 0
1730603210998 4.021913051605225 0
1730603211076 4.348356246948242 0
1730603211150 4.007911205291748 0
1730603211229 4.458915710449219 0
1730603211325 4.696432113647461 0
1730603211416 4.0804901123046875 0
1730603211514 4.071730613708496 0
1730603211593 4.913300037384033 0
1730603211715 3.999481439590454 0
1730603211794 4.237493991851807 0
1730603211891 4.215930461883545 0
1730603211960 3.9839463233947754 0
1730603212025 4.445021152496338 0
1730603212111 4.2400054931640625 0
1730603212251 4.0181355476379395 0
1730603212644 4.341101169586182 0
1730603213017 4.331688404083252 0
1730603213264 4.392473220825195 0
1730603213362 4.6507391929626465 0
1730603213443 3.953319787979126 0
1730603213523 3.9608895778656006 0
1730603213605 3.8697760105133057 0
1730603213684 4.083896160125732 0
1730603213759 4.199050426483154 0
1730603213839 3.9413998126983643 0
1730603213921 4.4234843254089355 0
1730603214002 4.57919979095459 0
1730603214082 3.829761028289795 0
1730603214160 4.171838283538818 0
1730603214237 4.537618637084961 0
1730603214311 4.850150108337402 0
1730603214390 4.076412200927734 0
1730603214472 4.2713727951049805 0
1730603214550 4.063984394073486 0
1730603214626 4.312624931335449 0
1730603214705 5.221746921539307 0
1730603214792 3.840040445327759 0
1730603214861 4.305710792541504 0
1730603214925 3.8588669300079346 0
1730603214987 4.197047233581543 0
1730603215065 4.122862815856934 0
1730603215127 4.039314270019531 0
1730603215190 4.923142433166504 0
1730603215253 3.9650795459747314 0
1730603215317 4.272119522094727 0
1730603215380 4.1867289543151855 0
1730603215446 4.179657459259033 0
1730603215513 3.8290510177612305 0
1730603215581 5.199415683746338 0
1730603215652 3.9747707843780518 0
1730603215716 4.013342380523682 0
1730603215783 3.8617749214172363 0
1730603215851 4.4248833656311035 0
1730603215924 3.8846206665039062 0
1730603215997 4.041119575500488 0
1730603216066 5.038492202758789 0
1730603216131 4.655673027038574 0
1730603216358 4.004268646240234 0
1730603216422 3.920348644256592 0
1730603216486 4.080995082855225 0
1730603216551 4.373532295227051 0
1730603216616 4.368592739105225 0
1730603216682 4.61994743347168 0
1730603216746 4.195433616638184 0
1730603216809 4.053988933563232 0
1730603216872 3.8084661960601807 0
1730603216935 3.9447062015533447 0
1730603216998 4.233870506286621 0
1730603217062 4.162760257720947 0
1730603217124 4.468301296234131 0
1730603217187 4.4173903465271 0
1730603217251 4.414170265197754 0
1730603217314 3.85421085357666 0
1730603217378 4.495625972747803 0
1730603217440 3.914740562438965 0
1730603217503 3.8991761207580566 0
1730603217566 4.04318904876709 0
1730603217629 3.7804553508758545 0
1730603217695 3.7842824459075928 0
1730603217772 3.9822475910186768 0
1730603217863 4.299648284912109 0
1730603217947 4.0746541023254395 0
1730603218023 5.340987205505371 0
1730603218101 3.8678433895111084 0
1730603218178 4.410964012145996 0
1730603218244 4.0417938232421875 0
1730603218308 4.278363227844238 0
1730603218372 4.730010986328125 0
1730603218435 4.015860557556152 0
1730603218501 4.424030303955078 0
1730603218577 3.81864857673645 0
1730603218655 4.120179653167725 0
1730603218732 5.1376142501831055 0
1730603218805 3.803765058517456 0
1730603218888 4.239329814910889 0
1730603218970 4.004871368408203 0
1730603219062 4.850338935852051 0
1730603219219 4.840269088745117 0
1730603219454 4.68229341506958 0
1730603219547 4.807010650634766 0
1730603219634 4.194482326507568 0
1730603219718 4.231325149536133 0
1730603219804 4.062260150909424 0
1730603219906 4.654112339019775 0
1730603219997 4.924111366271973 0
1730603220140 4.125229835510254 0
1730603220265 4.78425407409668 0
1730603220453 3.7600128650665283 0
1730603220771 4.293957710266113 0
1730603220970 4.006955623626709 0
1730603221157 3.8766746520996094 0
1730603221313 5.053058624267578 0
1730603221411 3.99106764793396 0
1730603221488 5.136455535888672 0
1730603221570 4.399111270904541 0
1730603221652 3.7558135986328125 0
1730603221734 4.1872239112854 0
1730603221818 4.017227649688721 0
1730603221902 4.998671531677246 0
1730603221986 4.343908309936523 0
1730603222071 4.816049575805664 0
1730603222154 4.053343772888184 0
1730603222238 3.8937766551971436 0
1730603222323 4.207921981811523 0
1730603222408 4.270291328430176 0
1730603222502 4.454084396362305 0
1730603222598 4.3439435958862305 0
1730603222698 3.8250045776367188 0
1730603222788 4.074761867523193 0
1730603222870 4.19105863571167 0
1730603222970 4.134520053863525 0
1730603223056 4.687860012054443 0
1730603223138 4.012892723083496 0
1730603223226 4.117254257202148 0
1730603223315 4.357620716094971 0
1730603223400 4.412368297576904 0
1730603223485 3.796956777572632 0
1730603223569 4.207967758178711 0
1730603223653 4.071651935577393 0
1730603223741 4.313364505767822 0
1730603223830 4.479640007019043 0
1730603223910 4.61641263961792 0
1730603223998 4.756397247314453 0
1730603224086 4.210974216461182 0
1730603224181 4.159371376037598 0
1730603224296 4.413542747497559 0
1730603224389 4.372960090637207 0
1730603224476 3.9613656997680664 0
1730603224556 3.918972969055176 0
1730603224639 5.276010513305664 0
1730603224724 4.1664886474609375 0
1730603224806 4.341207027435303 0
1730603224918 4.70742130279541 0
1730603225038 4.258355140686035 0
1730603225164 4.250880241394043 0
1730603225276 4.572818756103516 0
1730603225383 4.113061904907227 0
1730603225483 4.029760360717773 0
1730603225588 3.9448471069335938 0
1730603225687 4.024792671203613 0
1730603225804 4.573192119598389 0
1730603225879 4.440019607543945 0
1730603225950 4.352025508880615 0
1730603226020 4.2800445556640625 0
1730603226206 5.069027900695801 0
1730603226504 4.858345985412598 0
1730603226673 4.328042507171631 0
1730603226784 4.416467666625977 0
1730603227045 5.2068190574646 0
1730603227203 3.9999840259552 0
1730603227327 4.554686546325684 0
1730603227420 4.371617317199707 0
1730603227527 3.767744779586792 0
1730603227697 4.143829345703125 0
1730603227917 4.3512983322143555 0
1730603227996 4.463414192199707 0
1730603228075 4.08369779586792 0
1730603228239 4.31316614151001 0
1730603228553 5.006596088409424 0
1730603228652 4.191516876220703 0
1730603228727 4.350541591644287 0
1730603228801 5.168756484985352 0
1730603228882 4.786180019378662 0
1730603228965 4.169058322906494 0
1730603229071 4.243143558502197 0
1730603229182 3.9093241691589355 0
1730603229265 3.9840381145477295 0
1730603229337 4.3260698318481445 0
1730603229462 4.522706985473633 0
1730603229571 4.153177738189697 0
1730603229676 4.180264949798584 0
1730603229764 4.186257362365723 0
1730603229832 3.917820692062378 0
1730603229899 4.302626132965088 0
1730603230002 4.3781657218933105 0
1730603230093 4.156826019287109 0
1730603230425 3.9252874851226807 0
1730603230488 3.9977588653564453 0
1730603230551 4.108658313751221 0
1730603230633 4.904594421386719 0
1730603230730 4.269956588745117 0
1730603230799 4.004282474517822 0
1730603230864 4.0956292152404785 0
1730603230948 4.137646198272705 0
1730603231030 4.2918925285339355 0
1730603231262 4.923133373260498 0
1730603231327 4.158397674560547 0
1730603231396 4.6374125480651855 0
1730603231478 4.3043389320373535 0
1730603231569 4.317896842956543 0
1730603231645 4.657702922821045 0
1730603231731 4.236222743988037 0
1730603231820 4.647846221923828 0
1730603231907 4.2028889656066895 0
1730603231987 4.328462600708008 0
1730603232065 3.9851038455963135 0
1730603232133 4.357274055480957 0
1730603232201 4.174074172973633 0
1730603232314 3.936650276184082 0
1730603232392 4.548068523406982 0
1730603232477 3.92598557472229 0
1730603232581 4.134829521179199 0
1730603232694 3.892143726348877 0
1730603232778 4.591684341430664 0
1730603232859 4.314245223999023 0
1730603232939 3.961381435394287 0
1730603233015 4.4770636558532715 0
1730603233187 4.234161853790283 0
1730603233346 4.542647838592529 0
1730603233452 4.267772674560547 0
1730603233647 4.836285591125488 0
1730603234020 4.28918981552124 0
1730603234149 3.869828701019287 0
1730603234270 4.188107490539551 0
1730603234358 3.9754421710968018 0
1730603234421 5.052120208740234 0
1730603234483 4.191502571105957 0
1730603234549 4.4361772537231445 0
1730603234634 4.083024024963379 0
1730603234713 4.140567302703857 0
1730603234963 4.0035786628723145 0
1730603235042 4.7338666915893555 0
1730603235176 4.620471477508545 0
1730603235278 4.76771879196167 0
1730603235384 4.504763603210449 0
1730603235485 4.177040100097656 0
1730603235592 3.858165740966797 0
1730603235702 4.14518404006958 0
1730603235778 4.304681777954102 0
1730603235841 4.234212875366211 0
1730603235906 4.055946350097656 0
1730603235976 4.107124328613281 0
1730603236042 4.213536262512207 0
1730603236105 4.095555305480957 0
1730603236168 4.390076160430908 0
1730603236232 4.141051769256592 0
1730603236296 5.095948219299316 0
1730603236361 4.37306022644043 0
1730603236425 3.8167426586151123 0
1730603236488 5.067416667938232 0
1730603236551 3.9426064491271973 0
1730603236614 4.0592732429504395 0
1730603236678 3.9311745166778564 0
1730603236743 4.770608901977539 0
1730603236808 4.215136528015137 0
1730603237102 3.8484842777252197 0
1730603237245 3.842837333679199 0
1730603237330 4.241915225982666 0
1730603237412 3.948855400085449 0
1730603237532 3.973329544067383 0
1730603237652 4.549598693847656 0
1730603237737 3.9497694969177246 0
1730603237821 4.8347625732421875 0
1730603237902 3.7884578704833984 0
1730603237974 4.180028438568115 0
1730603238048 3.878345012664795 0
1730603238112 4.31099271774292 0
1730603238175 4.022463798522949 0
1730603238248 4.111787796020508 0
1730603238332 3.940152645111084 0
1730603238422 4.6120100021362305 0
1730603238543 4.505213737487793 0
1730603238676 4.878726482391357 0
1730603238743 4.675668716430664 0
1730603238806 4.322668075561523 0
1730603238873 4.205881595611572 0
1730603238939 4.453768253326416 0
1730603239020 4.263254642486572 0
1730603239124 4.154826641082764 0
1730603239244 4.61859130859375 0
1730603239358 4.139328479766846 0
1730603239479 4.459784030914307 0
1730603239584 3.7600910663604736 0
1730603239733 4.328873157501221 0
1730603239920 4.256658554077148 0
1730603240093 4.259547710418701 0
1730603240279 4.566003322601318 0
1730603240352 4.502328395843506 0
1730603240439 3.8854315280914307 0
1730603240507 4.07238245010376 0
1730603240569 4.494395732879639 0
1730603240633 4.399896621704102 0
1730603240696 4.094160556793213 0
1730603240758 4.199533462524414 0
1730603240821 4.08340311050415 0
1730603240883 4.164578914642334 0
1730603240945 3.8648695945739746 0
1730603241007 4.865107536315918 0
1730603241071 4.22017240524292 0
1730603241133 4.185977935791016 0
1730603241196 4.7166008949279785 0
1730603241258 4.162722587585449 0
1730603241320 4.4371337890625 0
1730603241382 4.760613441467285 0
1730603241445 4.691322326660156 0
1730603241508 4.095513343811035 0
1730603241572 4.928422451019287 0
1730603241638 4.439056873321533 0
1730603241701 4.49098014831543 0
1730603241764 4.195764064788818 0
1730603241828 4.2127275466918945 0
1730603241891 4.5486273765563965 0
1730603241953 3.8733482360839844 0
1730603242016 4.451035499572754 0
1730603242080 4.5242204666137695 0
1730603242143 4.182272434234619 0
1730603242210 4.733553886413574 0
1730603242272 4.568608283996582 0
1730603242334 4.1631364822387695 0
1730603242397 4.25604248046875 0
1730603242463 4.217527866363525 0
1730603242530 4.197413921356201 0
1730603242597 4.228168487548828 0
1730603242662 4.857457637786865 0
1730603242724 4.127690315246582 0
1730603242786 4.498924732208252 0
1730603242849 4.121572017669678 0
1730603242912 3.8592100143432617 0
1730603242975 4.275102138519287 0
1730603243037 4.523592948913574 0
1730603243100 4.0943498611450195 0
1730603243163 4.326303005218506 0
1730603243227 4.830358505249023 0
1730603243290 4.089632987976074 0
1730603243353 4.239212989807129 0
1730603243416 4.166138648986816 0
1730603243479 3.9782049655914307 0
1730603243542 4.302695274353027 0
1730603243604 4.33288049697876 0
1730603243667 4.040408611297607 0
1730603243730 4.78953218460083 0
1730603243949 4.061652183532715 0
1730603244011 4.173583984375 0
1730603244171 4.368271827697754 0
1730603244243 4.636441230773926 0
1730603244308 4.259568214416504 0
1730603244379 4.088188648223877 0
1730603244450 4.341030597686768 0
1730603244518 4.150984287261963 0
1730603244758 4.728213310241699 0
1730603244839 3.9749081134796143 0
1730603244913 4.164593696594238 0
1730603244983 4.439265727996826 0
1730603245052 4.0661797523498535 0
1730603245117 3.8339035511016846 0
1730603245187 4.4375386238098145 0
1730603245256 4.701683044433594 0
1730603245320 4.457193374633789 0
1730603245383 4.1292619705200195 0
1730603245447 4.143571853637695 0
1730603245511 4.412354469299316 0
1730603245580 4.191426753997803 0
1730603245644 4.024576663970947 0
1730603245788 3.8077597618103027 0
1730603245862 4.54840087890625 0
1730603245950 4.633977890014648 0
1730603246026 4.044149398803711 0
1730603246116 3.784341812133789 0
1730603246198 4.6745147705078125 0
1730603246281 4.381137847900391 0
1730603246367 3.8848965167999268 0
1730603246453 3.9761962890625 0
1730603246536 4.110672473907471 0
1730603246662 4.227908134460449 0
1730603246777 4.237256050109863 0
1730603246899 4.1007537841796875 0
1730603246996 3.7277820110321045 0
1730603247157 4.486227989196777 0
1730603247321 4.099714279174805 0
1730603247605 3.913792610168457 0
1730603247823 4.4633378982543945 0
1730603247965 4.008834362030029 0
1730603248145 4.175189018249512 0
1730603248294 4.639577388763428 0
1730603248661 4.087862491607666 0
1730603248733 4.2625651359558105 0
1730603248815 4.115342617034912 0
1730603248883 4.14961576461792 0
1730603248947 5.210014820098877 0
1730603249012 4.307171821594238 0
1730603249118 4.300766468048096 0
1730603249251 4.3078436851501465 0
1730603249466 3.926237106323242 0
1730603249562 4.183102607727051 0
1730603249740 4.127205848693848 0
1730603249987 4.386857032775879 0
1730603250069 4.563362121582031 0
1730603250164 4.181158065795898 0
1730603250248 4.162651062011719 0
1730603250316 4.481914520263672 0
1730603250382 3.9464869499206543 0
1730603250448 3.863006830215454 0
1730603250511 4.489929676055908 0
1730603250573 4.051485061645508 0
1730603250636 4.2346110343933105 0
1730603250702 4.573677062988281 0
1730603250766 4.636818885803223 0
1730603250851 4.135332107543945 0
1730603250928 4.447187900543213 0
1730603251001 4.188233852386475 0
1730603251090 5.135542869567871 0
1730603251153 3.9061429500579834 0
1730603251225 4.012701034545898 0
1730603251298 3.8901281356811523 0
1730603251402 3.8921971321105957 0
1730603251538 4.672015190124512 0
1730603251690 4.292298793792725 0
1730603251756 4.189316272735596 0
1730603251819 3.9076576232910156 0
1730603251884 4.218713760375977 0
1730603251951 4.106681823730469 0
1730603252015 4.338279724121094 0
1730603252094 4.663516044616699 0
1730603252182 3.8916893005371094 0
1730603252260 4.58306884765625 0
1730603252342 4.6404266357421875 0
1730603252474 3.8286283016204834 0
1730603252616 3.973365068435669 0
1730603252765 4.212547779083252 0
1730603252866 4.136911392211914 0
1730603252931 4.0965399742126465 0
1730603252994 4.597748756408691 0
1730603253061 3.7068448066711426 0
1730603253124 4.098598003387451 0
1730603253187 4.065743923187256 0
1730603253249 4.287899017333984 0
1730603253312 4.454073905944824 0
1730603253374 3.8477189540863037 0
1730603253435 4.442042827606201 0
1730603253500 4.2162251472473145 0
1730603253579 4.2540411949157715 0
1730603253654 4.279466152191162 0
1730603253717 4.496822834014893 0
1730603253780 4.35105037689209 0
1730603253843 4.646641731262207 0
1730603253905 4.026796340942383 0
1730603253968 4.058463096618652 0
1730603254031 4.15425443649292 0
1730603254093 4.145047664642334 0
1730603254154 4.137988567352295 0
1730603254216 4.237215042114258 0
1730603254279 4.347225666046143 0
1730603254341 4.307716369628906 0
1730603254402 4.428736209869385 0
1730603254465 3.868455648422241 0
1730603254533 4.1418962478637695 0
1730603254596 4.0196003913879395 0
1730603254659 3.8761487007141113 0
1730603254727 4.105461597442627 0
1730603254794 5.063121795654297 0
1730603254862 4.4105424880981445 0
1730603254925 4.1806416511535645 0
1730603254987 3.9874634742736816 0
1730603255051 4.0930986404418945 0
1730603255121 5.117593765258789 0
1730603255183 4.263165473937988 0
1730603255248 4.5320048332214355 0
1730603255313 4.115061283111572 0
1730603255378 4.295904159545898 0
1730603255442 4.621888160705566 0
1730603255507 4.160693168640137 0
1730603255570 3.7045223712921143 0
1730603255635 3.830244779586792 0
1730603255699 3.9496986865997314 0
1730603255771 4.233524799346924 0
1730603255833 4.448425769805908 0
1730603255896 3.8046228885650635 0
1730603255959 4.364473342895508 0
1730603256178 4.439539909362793 0
1730603256241 4.256338119506836 0
1730603256303 4.0349440574646 0
1730603256365 4.759174346923828 0
1730603256429 3.6794915199279785 0
1730603256490 4.23258113861084 0
1730603256552 5.0248823165893555 0
1730603256615 4.069850444793701 0
1730603256678 4.120676517486572 0
1730603256740 4.544591426849365 0
1730603256803 4.92101526260376 0
1730603256867 4.3484625816345215 0
1730603256932 4.221620559692383 0
1730603256999 4.333820343017578 0
1730603257069 4.200098991394043 0
1730603257138 3.642624616622925 0
1730603257201 3.799339771270752 0
1730603257263 4.4929914474487305 0
1730603257327 4.186769485473633 0
1730603257388 4.8783979415893555 0
1730603257450 4.186186790466309 0
1730603257514 4.46396541595459 0
1730603257576 3.9182941913604736 0
1730603257639 4.2024126052856445 0
1730603257701 4.220702171325684 0
1730603257764 4.162799835205078 0
1730603257826 4.010232925415039 0
1730603257887 4.503425121307373 0
1730603257950 4.416767597198486 0
1730603258013 4.355251312255859 0
1730603258099 4.580362319946289 0
1730603258176 4.581672668457031 0
1730603258272 3.8770904541015625 0
1730603258365 4.031768798828125 0
1730603258429 3.791978597640991 0
1730603258492 4.362306594848633 0
1730603258556 4.690901756286621 0
1730603258619 4.3555402755737305 0
1730603258681 4.207225799560547 0
1730603258744 4.15250301361084 0
1730603258807 4.154008865356445 0
1730603258868 4.171255588531494 0
1730603258932 3.8462612628936768 0
1730603258996 4.320729732513428 0
1730603259078 4.174849510192871 0
1730603259139 4.207235336303711 0
1730603259203 4.930591583251953 0
1730603259272 4.457394599914551 0
1730603259336 4.071694374084473 0
1730603259404 4.174280166625977 0
1730603259465 4.283904075622559 0
1730603259528 4.256173610687256 0
1730603259589 3.780460834503174 0
1730603259651 4.808033466339111 0
1730603259714 4.106028079986572 0
1730603259777 3.622230052947998 0
1730603259838 4.207340717315674 0
1730603259900 4.262142658233643 0
1730603259963 4.460443496704102 0
1730603260033 4.637522220611572 0
1730603260095 4.096043586730957 0
1730603260156 3.9959144592285156 0
1730603260218 4.113523483276367 0
1730603260280 3.750304937362671 0
1730603260343 4.403505325317383 0
1730603260406 4.430541515350342 0
1730603260470 4.012619495391846 0
1730603260532 4.216841220855713 0
1730603260595 4.159543037414551 0
1730603260812 4.047402381896973 0
1730603260874 4.290897369384766 0
1730603260935 4.141643047332764 0
1730603260998 4.170522689819336 0
1730603261061 4.448825836181641 0
1730603261124 3.958900213241577 0
1730603261186 4.189153671264648 0
1730603261249 4.129631519317627 0
1730603261312 4.286356449127197 0
1730603261377 4.532639026641846 0
1730603261442 3.6055080890655518 0
1730603261508 4.212891101837158 0
1730603261657 3.975255012512207 0
1730603261720 4.5367937088012695 0
1730603261786 4.144253730773926 0
1730603261857 5.032271385192871 0
1730603261919 4.147219181060791 0
1730603261982 4.872591018676758 0
1730603262046 4.403169631958008 0
1730603262108 4.742071628570557 0
1730603262169 4.237231254577637 0
1730603262231 4.141514778137207 0
1730603262294 4.273754119873047 0
1730603262356 4.447983264923096 0
1730603262419 4.621930122375488 0
1730603262482 4.057811737060547 0
1730603262544 4.851597785949707 0
1730603262606 4.1986083984375 0
1730603262668 4.191648006439209 0
1730603262731 4.345417022705078 0
1730603262793 4.046821117401123 0
1730603262855 4.101485729217529 0
1730603262917 4.407194137573242 0
1730603262980 4.652292251586914 0
1730603263043 4.321765899658203 0
1730603263105 4.583136558532715 0
1730603263168 3.82820987701416 0
1730603263232 4.187682151794434 0
1730603263296 3.8503377437591553 0
1730603263361 4.245594501495361 0
1730603263425 4.516870498657227 0
1730603263487 4.765626907348633 0
1730603263549 4.297269821166992 0
1730603263612 4.27599573135376 0
1730603263676 4.1735429763793945 0
1730603263742 4.10170841217041 0
1730603263809 4.6754279136657715 0
1730603263878 4.2537126541137695 0
1730603263940 4.146842002868652 0
1730603264002 4.22517728805542 0
1730603264068 4.134225845336914 0
1730603264131 4.370737075805664 0
1730603264196 4.044780254364014 0
1730603264260 4.220036506652832 0
1730603264325 4.088481426239014 0
1730603264387 4.655285835266113 0
1730603264449 4.797053337097168 0
1730603264512 3.7996134757995605 0
1730603264575 4.412869930267334 0
1730603264637 4.48464298248291 0
1730603264699 4.086897850036621 0
1730603264765 4.348995208740234 0
1730603264829 4.157999515533447 0
1730603264893 4.3216047286987305 0
1730603264954 4.516529083251953 0
1730603265016 4.59853458404541 0
1730603265100 4.40130615234375 0
1730603265164 4.364087104797363 0
1730603265228 4.148247241973877 0
1730603265293 4.199440002441406 0
1730603265356 4.034277439117432 0
1730603265419 4.367067813873291 0
1730603265482 4.203246116638184 0
1730603265547 4.256435871124268 0
1730603265611 3.641399383544922 0
1730603265674 4.719212532043457 0
1730603265736 4.115310192108154 0
1730603265799 4.350592613220215 0
1730603265862 4.043025016784668 0
1730603265926 4.667520523071289 0
1730603265995 3.9803311824798584 0
1730603266068 4.980338096618652 0
1730603266137 3.7996842861175537 0
1730603266200 4.048537254333496 0
1730603266264 3.9942522048950195 0
1730603266327 3.7860987186431885 0
1730603266390 4.1158061027526855 0
1730603266452 4.722822189331055 0
1730603266514 4.10365629196167 0
1730603266578 4.032745838165283 0
1730603266639 4.084482669830322 0
1730603266703 4.090959548950195 0
1730603266765 4.429341793060303 0
1730603266829 3.9447553157806396 0
1730603266891 3.992234468460083 0
1730603266953 3.992415189743042 0
1730603267015 3.6229443550109863 0
1730603267079 4.180661201477051 0
1730603267143 3.7219619750976562 0
1730603267206 4.225327014923096 0
1730603267268 4.171825408935547 0
1730603267331 4.16492223739624 0
1730603267394 4.2299275398254395 0
1730603267456 4.510619163513184 0
1730603267517 4.319757461547852 0
1730603267580 4.6167802810668945 0
1730603267642 4.047714710235596 0
1730603267704 4.102217674255371 0
1730603267765 4.6517767906188965 0
1730603267829 4.207907676696777 0
1730603267891 4.609883785247803 0
1730603267953 4.271234512329102 0
1730603268016 4.545321464538574 0
1730603268079 4.587383270263672 0
1730603268142 4.552417278289795 0
1730603268208 4.074487209320068 0
1730603268275 4.934013366699219 0
1730603268343 4.0626325607299805 0
1730603268407 4.137135028839111 0
1730603268470 3.6723785400390625 0
1730603268532 4.123668670654297 0
1730603268596 4.448246002197266 0
1730603268660 4.617783546447754 0
1730603268722 4.263847351074219 0
1730603268785 4.879263877868652 0
1730603268848 3.903960943222046 0
1730603268910 4.295677661895752 0
1730603268973 4.658881187438965 0
1730603269038 4.264903545379639 0
1730603269100 4.494628429412842 0
1730603269164 4.611483097076416 0
1730603269227 4.576577186584473 0
1730603269291 4.275749683380127 0
1730603269353 4.559676170349121 0
1730603269417 4.483376502990723 0
1730603269480 4.019486427307129 0
1730603269545 3.621152877807617 0
1730603269607 4.073944568634033 0
1730603269670 4.468048095703125 0
1730603269733 4.691899299621582 0
1730603269796 3.99521541595459 0
1730603269858 4.21212911605835 0
1730603269920 4.4829792976379395 0
1730603269983 4.195097923278809 0
1730603270058 4.25787878036499 0
1730603270120 3.999448299407959 0
1730603270182 4.198563575744629 0
1730603270245 4.421616554260254 0
1730603270308 4.445836067199707 0
1730603270370 4.134642124176025 0
1730603270434 4.172852516174316 0
1730603270501 4.204568862915039 0
1730603270565 4.934780120849609 0
1730603270633 3.9984323978424072 0
1730603270696 4.426788806915283 0
1730603270759 4.032254219055176 0
1730603270821 4.182242393493652 0
1730603270883 4.026490211486816 0
1730603270946 4.228760242462158 0
1730603271010 4.137237071990967 0
1730603271075 4.208919525146484 0
1730603271137 4.3641357421875 0
1730603271200 4.566650390625 0
1730603271263 4.366927146911621 0
1730603271326 3.8798089027404785 0
1730603271388 4.615778923034668 0
1730603271651 4.392796039581299 0
1730603271714 4.355293273925781 0
1730603271777 4.333620548248291 0
1730603271840 4.39569091796875 0
1730603271903 4.5804266929626465 0
1730603271966 4.0001349449157715 0
1730603272030 4.238574028015137 0
1730603272139 4.686953544616699 0
1730603272211 4.516432762145996 0
1730603272273 4.198029041290283 0
1730603272335 4.8679351806640625 0
1730603272398 4.268675327301025 0
1730603272460 4.654037952423096 0
1730603272522 4.495051860809326 0
1730603272585 4.464814186096191 0
1730603272648 4.366265296936035 0
1730603272714 4.258971214294434 0
1730603272779 4.0380778312683105 0
1730603272848 4.574848651885986 0
1730603272913 4.229146957397461 0
1730603272977 3.6373345851898193 0
1730603273040 4.565105438232422 0
1730603273101 4.136299133300781 0
1730603273170 3.9453372955322266 0
1730603273232 4.32386589050293 0
1730603273297 4.639463901519775 0
1730603273361 4.0716552734375 0
1730603273424 4.31078577041626 0
1730603273487 4.187466144561768 0
1730603273549 4.34424352645874 0
1730603273613 3.9814491271972656 0
1730603273677 4.264833450317383 0
1730603273740 4.280522346496582 0
1730603273802 4.7978949546813965 0
1730603273865 4.154238700866699 0
1730603273928 4.436433792114258 0
1730603273990 4.4423065185546875 0
1730603274054 3.9970197677612305 0
1730603274116 4.443220615386963 0
1730603274179 4.279533863067627 0
1730603274241 4.480507850646973 0
1730603274304 4.294149875640869 0
1730603274442 4.09145450592041 0
1730603274504 4.129425048828125 0
1730603274569 4.123269557952881 0
1730603274637 4.173518180847168 0
1730603274701 4.100098133087158 0
1730603274763 3.6224069595336914 0
1730603274826 4.317646026611328 0
1730603274890 4.2128682136535645 0
1730603274955 4.214545726776123 0
1730603275022 4.435714244842529 0
1730603275092 4.307860374450684 0
1730603275156 4.218472003936768 0
1730603275217 4.362593173980713 0
1730603275280 4.414734840393066 0
1730603275344 3.5985069274902344 0
1730603275406 4.034706115722656 0
1730603275469 4.485800266265869 0
1730603275531 4.080564022064209 0
1730603275595 4.231712341308594 0
1730603275657 4.579218864440918 0
1730603275719 3.953524589538574 0
1730603275781 4.316269397735596 0
1730603275843 4.453674793243408 0
1730603275904 3.975313901901245 0
1730603276126 4.220991611480713 0
1730603276188 4.293126583099365 0
1730603276250 4.1234636306762695 0
1730603276313 4.516407012939453 0
1730603276378 4.196747303009033 0
1730603276440 3.9203696250915527 0
1730603276502 4.382836818695068 0
1730603276566 4.194406509399414 0
1730603276629 4.175774574279785 0
1730603276847 4.52040433883667 0
1730603276909 4.467743873596191 0
1730603276971 4.160762786865234 0
1730603277036 4.394410133361816 0
1730603277099 4.399900913238525 0
1730603277162 4.461676597595215 0
1730603277231 3.95383358001709 0
1730603277297 4.058564186096191 0
1730603277365 4.391183853149414 0
1730603277428 4.462739944458008 0
1730603277492 4.138576507568359 0
1730603277553 4.366105079650879 0
1730603277615 4.130543231964111 0
1730603277678 4.149137496948242 0
1730603277741 4.329991340637207 0
1730603277803 4.584019184112549 0
1730603277865 4.3059468269348145 0
1730603277928 4.337430953979492 0
1730603277991 4.184939384460449 0
1730603278053 4.5046000480651855 0
1730603278115 4.012149333953857 0
1730603278178 3.945361614227295 0
1730603278241 4.52385950088501 0
1730603278310 4.409489631652832 0
1730603278373 4.215444087982178 0
1730603278435 4.372936248779297 0
1730603278498 4.276671409606934 0
1730603278561 4.144895076751709 0
1730603278624 4.376281261444092 0
1730603278685 4.360360145568848 0
1730603278747 4.3995256423950195 0
1730603278810 4.098382472991943 0
1730603278874 4.33340311050415 0
1730603278936 4.321795463562012 0
1730603278999 4.627660274505615 0
1730603279082 4.389798164367676 0
1730603279145 4.383044242858887 0
1730603279207 4.116485595703125 0
1730603279269 4.263904571533203 0
1730603279331 4.525834560394287 0
1730603279394 4.328343391418457 0
1730603279459 4.105391502380371 0
1730603279532 4.235113620758057 0
1730603279601 4.714771270751953 0
1730603279664 3.912531614303589 0
1730603279727 4.582151889801025 0
1730603279789 4.543050765991211 0
1730603279852 4.291255474090576 0
1730603279915 4.087427616119385 0
1730603279978 4.222226142883301 0
1730603280042 3.9800329208374023 0
1730603280103 4.34175443649292 0
1730603280165 4.323239326477051 0
1730603280228 4.2764787673950195 0
1730603280291 4.409127235412598 0
1730603280360 4.30685567855835 0
1730603280422 4.304912567138672 0
1730603280484 4.684748649597168 0
1730603280547 4.276585578918457 0
1730603280612 4.388411045074463 0
1730603280674 3.912177801132202 0
1730603280735 4.381077289581299 0
1730603280797 3.8800227642059326 0
1730603280859 4.239988327026367 0
1730603280921 4.263879299163818 0
1730603280982 4.043910026550293 0
1730603281063 4.349074363708496 0
1730603281127 4.336283206939697 0
1730603281190 4.104482650756836 0
1730603281253 4.164284706115723 0
1730603281317 4.468472957611084 0
1730603281379 4.270862579345703 0
1730603281441 4.04819917678833 0
1730603281502 4.336227893829346 0
1730603281564 4.255269527435303 0
1730603281627 4.1124348640441895 0
1730603281691 4.09749698638916 0
1730603281760 4.192898750305176 0
1730603281824 4.472762107849121 0
1730603281891 4.67986536026001 0
1730603281953 4.228574275970459 0
1730603282016 4.221641540527344 0
1730603282081 4.1433515548706055 0
1730603282144 4.195845603942871 0
1730603282206 4.282273769378662 0
1730603282268 3.9922657012939453 0
1730603282330 4.193053245544434 0
1730603282393 4.084656238555908 0
1730603282456 4.468848705291748 0
1730603282517 4.346791744232178 0
1730603282580 4.068860054016113 0
1730603282642 4.226630210876465 0
1730603282704 4.099769592285156 0
1730603282766 4.265603542327881 0
1730603282829 4.4962849617004395 0
1730603282894 4.408314228057861 0
1730603282957 4.246654987335205 0
1730603283020 4.292710781097412 0
1730603283083 4.125093460083008 0
1730603283145 4.607810974121094 0
1730603283207 3.899562358856201 0
1730603283268 4.2871198654174805 0
1730603283337 4.407334804534912 0
1730603283398 4.595015048980713 0
1730603283461 4.374432563781738 0
1730603283522 4.561751842498779 0
1730603283585 4.639013290405273 0
1730603283647 4.837586402893066 0
1730603283710 4.250151634216309 0
1730603283771 4.0623459815979 0
1730603283833 3.9472556114196777 0
1730603283896 4.409454345703125 0
1730603283962 4.09964656829834 0
1730603284028 4.814003944396973 0
1730603284100 4.9197611808776855 0
1730603284165 4.532288074493408 0
1730603284228 4.147843360900879 0
1730603284292 4.183451175689697 0
1730603284355 4.300321578979492 0
1730603284417 4.185826301574707 0
1730603284480 4.485609531402588 0
1730603284542 4.292533874511719 0
1730603284605 4.2526373863220215 0
1730603284667 4.225114822387695 0
1730603284731 4.306013584136963 0
1730603284795 4.309633255004883 0
1730603284858 4.411296844482422 0
1730603284919 4.286242961883545 0
1730603284981 4.147746562957764 0
1730603285046 4.061283588409424 0
1730603285109 4.7587080001831055 0
1730603285332 4.107172012329102 0
1730603285395 4.074365139007568 0
1730603285457 4.183409214019775 0
1730603285518 4.105084419250488 0
1730603285581 4.035302639007568 0
1730603285644 3.7556045055389404 0
1730603285706 4.232332706451416 0
1730603285768 4.323512554168701 0
1730603285832 4.70173978805542 0
1730603285895 4.397974014282227 0
1730603285959 4.103278160095215 0
1730603286021 4.374380111694336 0
1730603286101 4.557640552520752 0
1730603286165 4.251677989959717 0
1730603286231 3.9748594760894775 0
1730603286298 3.9973254203796387 0
1730603286365 4.377310752868652 0
1730603286428 4.643197059631348 0
1730603286490 4.753876686096191 0
1730603286552 4.458620548248291 0
1730603286817 4.59083366394043 0
1730603286879 4.583294868469238 0
1730603286942 4.209354877471924 0
1730603287003 4.467310428619385 0
1730603287067 4.067212104797363 0
1730603287129 4.079706192016602 0
1730603287191 4.059210777282715 0
1730603287254 4.406866550445557 0
1730603287316 4.491152763366699 0
1730603287379 4.1082539558410645 0
1730603287440 4.849409103393555 0
1730603287501 4.604135513305664 0
1730603287638 4.146152019500732 0
1730603287700 4.3409624099731445 0
1730603287766 4.681653022766113 0
1730603287836 4.208663463592529 0
1730603287899 4.098397731781006 0
1730603287961 3.949075698852539 0
1730603288023 4.390417098999023 0
1730603288086 4.272148132324219 0
1730603288149 4.324707508087158 0
1730603288211 4.2590742111206055 0
1730603288273 3.9409782886505127 0
1730603288335 3.9684066772460938 0
1730603288397 4.105422496795654 0
1730603288462 4.485330104827881 0
1730603288528 4.203571796417236 0
1730603288595 4.619080543518066 0
1730603288658 4.594343185424805 0
1730603288727 4.034616470336914 0
1730603288945 4.401736259460449 0
1730603289007 4.062221050262451 0
1730603289072 4.390688419342041 0
1730603289133 4.216282844543457 0
1730603289195 4.287965774536133 0
1730603289257 4.007384777069092 0
1730603289318 4.038224697113037 0
1730603289380 4.401463508605957 0
1730603289442 4.542872428894043 0
1730603289503 4.355406284332275 0
1730603289568 4.41646146774292 0
1730603289630 4.215702533721924 0
1730603289692 4.699316024780273 0
1730603289753 4.209750175476074 0
1730603289815 4.299987316131592 0
1730603289878 4.311393737792969 0
1730603289940 4.535671234130859 0
1730603290002 4.296354293823242 0
1730603290065 4.064724922180176 0
1730603290127 3.7855334281921387 0
1730603290188 4.245382308959961 0
1730603290249 4.212924003601074 0
1730603290311 4.302961349487305 0
1730603290373 4.031209468841553 0
1730603290434 4.289162635803223 0
1730603290497 4.235591411590576 0
1730603290559 4.479557037353516 0
1730603290621 4.298587322235107 0
1730603290683 4.273559093475342 0
1730603290749 4.5317888259887695 0
1730603290814 4.090386390686035 0
1730603290881 4.1992316246032715 0
1730603290943 4.731294631958008 0
1730603291005 4.327883720397949 0
1730603291067 4.122469425201416 0
1730603291129 4.155706882476807 0
1730603291191 4.287774085998535 0
1730603291253 3.9931130409240723 0
1730603291315 4.344442367553711 0
1730603291377 4.444571495056152 0
1730603291439 4.408136367797852 0
1730603291501 4.181830883026123 0
1730603291564 4.446915149688721 0
1730603291627 4.415315628051758 0
1730603291690 4.31021785736084 0
1730603291753 4.202617168426514 0
1730603291815 4.166806221008301 0
1730603291878 3.978721857070923 0
1730603291941 4.498021602630615 0
1730603292004 4.370450496673584 0
1730603292089 4.2576727867126465 0
1730603292151 4.104031085968018 0
1730603292213 4.468975067138672 0
1730603292275 4.048285484313965 0
1730603292336 4.121291160583496 0
1730603292398 4.385067462921143 0
1730603292461 4.276446342468262 0
1730603292524 4.653114318847656 0
1730603292585 4.260385990142822 0
1730603292648 4.3251872062683105 0
1730603292711 4.229036331176758 0
1730603292774 3.96116304397583 0
1730603292835 3.982306718826294 0
1730603292898 4.501555442810059 0
1730603292963 4.589230537414551 0
1730603293028 4.356035232543945 0
1730603293121 4.118069171905518 0
1730603293183 4.458681583404541 0
1730603293246 4.231708526611328 0
1730603293308 4.401958465576172 0
1730603293370 4.316577434539795 0
1730603293439 4.047848224639893 0
1730603293503 4.552101135253906 0
1730603293565 4.544358730316162 0
1730603293628 4.2065606117248535 0
1730603293690 4.214149475097656 0
1730603293751 4.2237443923950195 0
1730603293814 4.293579578399658 0
1730603293877 4.5777201652526855 0
1730603293939 4.0781989097595215 0
1730603294002 4.006476402282715 0
1730603294064 4.449638843536377 0
1730603294127 3.9543163776397705 0
1730603294189 4.353804588317871 0
1730603294251 4.248401165008545 0
1730603294313 4.249059200286865 0
1730603294376 4.283289909362793 0
1730603294438 4.130375862121582 0
1730603294500 4.0134782791137695 0
1730603294563 4.153685092926025 0
1730603294625 4.001463413238525 0
1730603294687 4.273105144500732 0
1730603294753 3.9947993755340576 0
1730603294834 4.072837829589844 0
1730603294915 4.0166778564453125 0
1730603294979 4.29760217666626 0
1730603295042 4.201652526855469 0
1730603295105 3.834181547164917 0
1730603295167 4.418794631958008 0
1730603295414 4.6821746826171875 0
1730603295476 4.385483741760254 0
1730603295536 4.130198001861572 0
1730603295600 4.452382564544678 0
1730603295663 4.328349590301514 0
1730603295727 4.112946510314941 0
1730603295789 3.950401782989502 0
1730603295850 4.397660255432129 0
1730603295912 4.453635215759277 0
1730603295974 4.165721416473389 0
1730603296037 4.200323104858398 0
1730603296101 4.393441200256348 0
1730603296165 4.108634948730469 0
1730603296229 4.291814804077148 0
1730603296293 4.033237457275391 0
1730603296355 3.949864625930786 0
1730603296418 4.519410133361816 0
1730603296481 4.338403224945068 0
1730603296544 4.425574779510498 0
1730603296606 4.397828102111816 0
1730603296669 4.191141128540039 0
1730603296731 4.283238887786865 0
1730603296793 4.129094123840332 0
1730603296856 4.345465660095215 0
1730603296918 4.294852256774902 0
1730603296981 4.2147345542907715 0
1730603297045 4.4515299797058105 0
1730603297108 4.120799541473389 0
1730603297170 4.095943927764893 0
1730603297233 4.457128047943115 0
1730603297296 4.080531120300293 0
1730603297361 4.333871364593506 0
1730603297437 4.625960350036621 0
1730603297520 4.148454666137695 0
1730603297588 4.200436115264893 0
1730603297658 3.9115898609161377 0
1730603297727 4.239295482635498 0
1730603297797 4.294058799743652 0
1730603297869 4.288488388061523 0
1730603297935 4.3660197257995605 0
1730603297997 4.231024742126465 0
1730603298061 4.0717997550964355 0
1730603298123 4.399082660675049 0
1730603298185 4.336386680603027 0
1730603298247 4.464136600494385 0
1730603298311 4.070221900939941 0
1730603298375 4.070124626159668 0
1730603298437 4.458899974822998 0
1730603298499 4.278199195861816 0
1730603298561 4.05353307723999 0
1730603298624 4.226912498474121 0
1730603298686 4.230501651763916 0
1730603298749 4.133992671966553 0
1730603298812 4.030155181884766 0
1730603298877 4.038702011108398 0
1730603298940 4.175586700439453 0
1730603299001 4.018691539764404 0
1730603299065 4.261362552642822 0
1730603299127 4.091073036193848 0
1730603299190 4.2645063400268555 0
1730603299252 4.340245246887207 0
1730603299314 4.021731853485107 0
1730603299377 4.25150728225708 0
1730603299439 4.592552185058594 0
1730603299501 4.243846416473389 0
1730603299564 3.983241558074951 0
1730603299628 3.9740843772888184 0
1730603299694 4.350247383117676 0
1730603299762 4.023207664489746 0
1730603299827 4.066740036010742 0
1730603299895 4.286231517791748 0
1730603299958 4.372831344604492 0
1730603300020 4.577516555786133 0
1730603300093 3.9454386234283447 0
1730603300154 3.9742939472198486 0
1730603300217 4.008164405822754 0
1730603300279 4.5475592613220215 0
1730603300342 4.12247371673584 0
1730603300403 4.038390636444092 0
1730603300542 4.330566883087158 0
1730603300604 3.9234044551849365 0
1730603300669 4.42207145690918 0
1730603300737 3.8885750770568848 0
1730603300800 4.496706485748291 0
1730603300863 4.594690799713135 0
1730603300926 4.218257904052734 0
1730603300990 4.515738010406494 0
1730603301053 3.8832600116729736 0
1730603301115 3.865818500518799 0
1730603301178 4.362570285797119 0
1730603301240 4.246528148651123 0
1730603301302 4.207730293273926 0
1730603301364 3.8372154235839844 0
1730603301427 4.409088134765625 0
1730603301490 4.267585754394531 0
1730603301553 4.453927993774414 0
1730603301615 4.0794548988342285 0
1730603301679 4.080447196960449 0
1730603301741 4.233027935028076 0
1730603301803 4.096492290496826 0
1730603301865 4.598942756652832 0
1730603301929 4.278543472290039 0
1730603301996 4.325159549713135 0
1730603302063 3.7651350498199463 0
1730603302130 4.444392204284668 0
1730603302193 3.9751665592193604 0
1730603302255 4.302040100097656 0
1730603302317 4.430917739868164 0
1730603302379 4.387242317199707 0
1730603302600 4.525103569030762 0
1730603302663 4.438782691955566 0
1730603302726 4.167289733886719 0
1730603302788 4.458011627197266 0
1730603302850 4.1356048583984375 0
1730603302913 3.7108864784240723 0
1730603302975 3.7030768394470215 0
1730603303043 4.545421600341797 0
1730603303113 4.374835968017578 0
1730603303176 3.838397979736328 0
1730603303237 4.228996753692627 0
1730603303299 4.392095565795898 0
1730603303362 4.042019367218018 0
1730603303424 4.459527969360352 0
1730603303486 4.382744789123535 0
1730603303549 4.561011791229248 0
1730603303613 4.559349060058594 0
1730603303676 3.899597406387329 0
1730603303738 4.359752655029297 0
1730603303801 4.187994003295898 0
1730603303863 4.332632064819336 0
1730603303927 3.9700088500976562 0
1730603303990 4.31705904006958 0
1730603304082 4.261507987976074 0
1730603304148 4.175618648529053 0
1730603304219 4.320756912231445 0
1730603304297 4.162593841552734 0
1730603304379 4.727248191833496 0
1730603304444 4.231167793273926 0
1730603304508 3.8041348457336426 0
1730603304579 4.096015453338623 0
1730603304643 4.047902584075928 0
1730603304706 4.496040344238281 0
1730603304778 4.154323101043701 0
1730603304843 4.219738006591797 0
1730603304905 4.277438163757324 0
1730603304970 4.3017144203186035 0
1730603305045 4.093888282775879 0
1730603305113 4.063560962677002 0
1730603305176 4.381500244140625 0
1730603305241 4.186066627502441 0
1730603305308 4.216518878936768 0
1730603305384 4.474452972412109 0
1730603305448 4.4111857414245605 0
1730603305513 4.0413103103637695 0
1730603305578 4.0638322830200195 0
1730603305646 4.242749214172363 0
1730603305710 4.537529945373535 0
1730603305774 3.7666985988616943 0
1730603305836 4.272420883178711 0
1730603306056 4.419842720031738 0
1730603306119 4.4220709800720215 0
1730603306181 4.152226448059082 0
1730603306245 4.390674114227295 0
1730603306308 4.265946865081787 0
1730603306369 4.134670257568359 0
1730603306432 4.3412275314331055 0
1730603306502 4.357793807983398 0
1730603306575 4.471677780151367 0
1730603306639 4.321309566497803 0
1730603306701 4.409576416015625 0
1730603306764 3.9546303749084473 0
1730603306827 4.055606365203857 0
1730603306888 3.943507194519043 0
1730603306950 4.095730781555176 0
1730603307011 4.118314743041992 0
1730603307076 3.656060218811035 0
1730603307137 4.368769645690918 0
1730603307199 4.024158000946045 0
1730603307261 4.337515354156494 0
1730603307323 4.397321701049805 0
1730603307384 4.306829929351807 0
1730603307446 4.597994804382324 0
1730603307508 4.015315532684326 0
1730603307570 3.9968833923339844 0
1730603307634 4.223578929901123 0
1730603307696 4.2142415046691895 0
1730603307758 4.297797203063965 0
1730603307820 4.439959526062012 0
1730603307881 4.467550754547119 0
1730603307944 3.919813871383667 0
1730603308008 3.6315112113952637 0
1730603308070 4.056546211242676 0
1730603308132 4.1592512130737305 0
1730603308195 3.6167490482330322 0
1730603308256 4.319420337677002 0
1730603308317 3.598977565765381 0
1730603308379 4.050041675567627 0
1730603308441 4.380165100097656 0
1730603308502 4.412721633911133 0
1730603308564 4.3266520500183105 0
1730603308625 4.3545403480529785 0
1730603308691 4.122777938842773 0
1730603308758 4.305949687957764 0
1730603308822 4.350492477416992 0
1730603308888 4.276595115661621 0
1730603308949 4.690254211425781 0
1730603309012 4.175384044647217 0
1730603309074 4.414095401763916 0
1730603309135 4.389538288116455 0
1730603309197 4.3868327140808105 0
1730603309258 4.087118625640869 0
1730603309320 4.110004901885986 0
1730603309382 4.048667907714844 0
1730603309444 4.008009433746338 0
1730603309506 3.965278148651123 0
1730603309575 4.246776580810547 0
1730603309637 3.8812270164489746 0
1730603309698 4.541909217834473 0
1730603309761 4.212263107299805 0
1730603309823 4.352578639984131 0
1730603309886 4.359251499176025 0
1730603309948 4.194670677185059 0
1730603310009 4.143457412719727 0
1730603310072 4.209297180175781 0
1730603310134 4.436961650848389 0
1730603310196 4.044018745422363 0
1730603310258 3.849425792694092 0
1730603310319 4.3466715812683105 0
1730603310381 4.450247764587402 0
1730603310443 4.2321600914001465 0
1730603310505 4.477127552032471 0
1730603310566 5.039780616760254 0
1730603310628 4.3064494132995605 0
1730603310690 4.2822747230529785 0
1730603310755 4.3034772872924805 0
1730603310818 4.474219799041748 0
1730603310881 4.2989702224731445 0
1730603310947 4.0859904289245605 0
1730603311014 4.52406120300293 0
1730603311087 4.484724044799805 0
1730603311151 4.97446346282959 0
1730603311214 4.4094557762146 0
1730603311276 4.075531005859375 0
1730603311338 4.101267337799072 0
1730603311401 4.3223419189453125 0
1730603311462 4.3434062004089355 0
1730603311524 3.9302752017974854 0
1730603311586 4.44123649597168 0
1730603311649 4.341701030731201 0
1730603311712 4.8879241943359375 0
1730603311776 4.371448516845703 0
1730603311839 3.992020845413208 0
1730603311902 4.292444705963135 0
1730603311964 4.412178993225098 0
1730603312027 3.9013261795043945 0
1730603312091 4.188872814178467 0
1730603312153 4.1025590896606445 0
1730603312216 4.152133464813232 0
1730603312278 4.32929801940918 0
1730603312340 4.271634578704834 0
1730603312402 3.985494613647461 0
1730603312464 3.9796807765960693 0
1730603312526 4.517809867858887 0
1730603312588 4.135802745819092 0
1730603312649 4.271472454071045 0
1730603312711 4.2945661544799805 0
1730603312774 3.932358980178833 0
1730603312837 4.324398994445801 0
1730603312899 4.241194248199463 0
1730603312962 3.965345859527588 0
1730603313024 4.427058696746826 0
1730603313086 3.823289155960083 0
1730603313148 4.376794815063477 0
1730603313213 4.040059566497803 0
1730603313280 4.210357666015625 0
1730603313422 3.9515798091888428 0
1730603313484 4.404628753662109 0
1730603313550 4.159102916717529 0
1730603313620 4.303468227386475 0
1730603313683 4.32042932510376 0
1730603313746 4.065877914428711 0
1730603313809 4.09290885925293 0
1730603313872 4.280197620391846 0
1730603313936 4.455724716186523 0
1730603313999 4.258639812469482 0
1730603314079 4.072737693786621 0
1730603314146 4.257565498352051 0
1730603314210 4.325912952423096 0
1730603314273 4.272263526916504 0
1730603314337 4.233245849609375 0
1730603314399 3.930509090423584 0
1730603314462 4.045766830444336 0
1730603314524 4.203090190887451 0
1730603314588 4.294268608093262 0
1730603314651 4.460944652557373 0
1730603314714 4.4604902267456055 0
1730603314778 3.8652896881103516 0
1730603314843 4.001399993896484 0
1730603314909 4.2315874099731445 0
1730603314974 4.428218364715576 0
1730603315048 4.27632474899292 0
1730603315118 4.374976634979248 0
1730603315183 3.91440486907959 0
1730603315248 3.843811273574829 0
1730603315311 4.46492862701416 0
1730603315373 3.8083438873291016 0
1730603315435 4.50152587890625 0
1730603315507 4.382446765899658 0
1730603315584 4.187007904052734 0
1730603315654 4.479036808013916 0
1730603315716 3.88547945022583 0
1730603315780 3.9756574630737305 0
1730603315845 4.33525276184082 0
1730603315914 3.6507556438446045 0
1730603315998 4.1792073249816895 0
1730603316091 4.332497596740723 0
1730603316160 4.258133888244629 0
1730603316226 4.211906909942627 0
1730603316291 4.456811904907227 0
1730603316354 3.8363826274871826 0
1730603316420 4.155026435852051 0
1730603316483 4.410530090332031 0
1730603316548 3.962789535522461 0
1730603316620 4.673791885375977 0
1730603316683 4.115467548370361 0
1730603316745 4.329127788543701 0
1730603316809 4.390478134155273 0
1730603316875 4.308943271636963 0
1730603316939 4.301536560058594 0
1730603317004 4.4344353675842285 0
1730603317070 4.160296440124512 0
1730603317134 4.379779815673828 0
1730603317198 4.47354793548584 0
1730603317263 3.924825668334961 0
1730603317329 4.236209869384766 0
1730603317393 4.13760232925415 0
1730603317457 4.064966678619385 0
1730603317519 3.8980751037597656 0
1730603317582 4.239987373352051 0
1730603317645 4.436115741729736 0
1730603317712 3.8675081729888916 0
1730603317780 4.302382946014404 0
1730603317848 3.7971596717834473 0
1730603317912 4.19793176651001 0
1730603317976 4.391599178314209 0
1730603318044 4.354792594909668 0
1730603318117 4.669088363647461 0
1730603318192 4.429299831390381 0
1730603318260 3.788776159286499 0
1730603318330 4.335873126983643 0
1730603318395 4.173849582672119 0
1730603318463 4.296263217926025 0
1730603318532 4.39846134185791 0
1730603318604 4.489767074584961 0
1730603318669 4.155807971954346 0
1730603318733 4.093932628631592 0
1730603318797 4.082491874694824 0
1730603318862 3.9554970264434814 0
1730603318926 4.124122619628906 0
1730603318991 4.256759166717529 0
1730603319065 4.363712310791016 0
1730603319132 4.357971668243408 0
1730603319195 4.5902228355407715 0
1730603319260 3.8623528480529785 0
1730603319325 4.3568572998046875 0
1730603319390 4.332061290740967 0
1730603319453 4.447368621826172 0
1730603319517 4.439584732055664 0
1730603319581 4.119917869567871 0
1730603319645 4.191999435424805 0
1730603319710 4.295835018157959 0
1730603319773 4.2780327796936035 0
1730603319836 4.338949203491211 0
1730603319899 4.621374130249023 0
1730603319965 4.241153717041016 0
1730603320034 3.6890974044799805 0
1730603320103 4.344728946685791 0
1730603320170 3.9758260250091553 0
1730603320234 4.2299652099609375 0
1730603320322 4.841667652130127 0
1730603320413 4.082064151763916 0
1730603320510 4.3640947341918945 0
1730603320613 4.45916748046875 0
1730603320713 4.310153007507324 0
1730603320785 3.7933542728424072 0
1730603320850 4.589073181152344 0
1730603320914 3.7167727947235107 0
1730603320978 4.775949478149414 0
1730603321049 4.111996173858643 0
1730603321120 4.218477725982666 0
1730603321182 4.185215950012207 0
1730603321246 4.316342353820801 0
1730603321311 3.6638741493225098 0
1730603321375 4.2233076095581055 0
1730603321438 4.293976306915283 0
1730603321501 4.5355448722839355 0
1730603321564 3.7627973556518555 0
1730603321627 4.397257328033447 0
1730603321690 4.310577869415283 0
1730603321752 4.0729546546936035 0
1730603321816 4.4247145652771 0
1730603321881 4.23455286026001 0
1730603321946 4.289939880371094 0
1730603322011 4.48787784576416 0
1730603322076 4.090480804443359 0
1730603322140 4.428572177886963 0
1730603322206 3.85723614692688 0
1730603322273 4.387334823608398 0
1730603322345 4.060930252075195 0
1730603322410 4.244368553161621 0
1730603322474 4.300996780395508 0
1730603322539 4.14869499206543 0
1730603322603 4.590542793273926 0
1730603322667 4.498894214630127 0
1730603322734 4.263004302978516 0
1730603322799 4.4636921882629395 0
1730603322863 3.8270652294158936 0
1730603322927 4.7130513191223145 0
1730603322991 4.210268497467041 0
1730603323053 4.226761341094971 0
1730603323115 4.2999701499938965 0
1730603323178 4.195197582244873 0
1730603323240 4.4281463623046875 0
1730603323302 4.254787921905518 0
1730603323366 4.326146602630615 0
1730603323430 4.188041687011719 0
1730603323492 4.184025764465332 0
1730603323555 4.189294815063477 0
1730603323618 4.31736946105957 0
1730603323681 3.7315495014190674 0
1730603323743 4.157120704650879 0
1730603323806 4.194088935852051 0
1730603323867 4.042160987854004 0
1730603323930 4.784141540527344 0
1730603323992 3.9823570251464844 0
1730603324056 4.267844200134277 0
1730603324119 4.437520980834961 0
1730603324181 3.664546489715576 0
1730603324244 4.355542182922363 0
1730603324309 4.274092197418213 0
1730603324379 4.521173477172852 0
1730603324447 3.9392213821411133 0
1730603324516 4.229875087738037 0
1730603324582 4.527026653289795 0
1730603324647 4.823602199554443 0
1730603324710 4.211308002471924 0
1730603324772 4.094810485839844 0
1730603324834 4.386966705322266 0
1730603324905 4.361873626708984 0
1730603324974 4.48671817779541 0
1730603325048 4.307104587554932 0
1730603325128 4.264431953430176 0
1730603325190 4.290631294250488 0
1730603325251 4.000828742980957 0
1730603325314 3.639608860015869 0
1730603325377 4.400094032287598 0
1730603325439 4.303704261779785 0
1730603325503 4.372353553771973 0
1730603325566 4.208756446838379 0
1730603325630 3.6185531616210938 0
1730603325693 4.369224548339844 0
1730603325756 4.249964714050293 0
1730603325820 4.0881028175354 0
1730603325882 4.219862937927246 0
1730603325945 4.397786617279053 0
1730603326008 4.071413040161133 0
1730603326074 4.303203582763672 0
1730603326140 3.956465005874634 0
1730603326204 4.371771812438965 0
1730603326268 4.035414218902588 0
1730603326332 3.7831790447235107 0
1730603326471 4.166102886199951 0
1730603326534 4.169084548950195 0
1730603326598 4.009155750274658 0
1730603326672 4.280039310455322 0
1730603326742 4.243136882781982 0
1730603326810 4.52927827835083 0
1730603326889 4.2948503494262695 0
1730603326953 3.5625576972961426 0
1730603327016 4.170079231262207 0
1730603327283 4.12140417098999 0
1730603327346 4.151348114013672 0
1730603327410 4.208981990814209 0
1730603327475 4.290740966796875 0
1730603327538 4.341821193695068 0
1730603327602 4.266967296600342 0
1730603327665 3.9329733848571777 0
1730603327730 4.166799068450928 0
1730603327793 4.132856369018555 0
1730603327855 4.250572204589844 0
1730603327918 4.121590614318848 0
1730603327980 4.107580661773682 0
1730603328042 3.757802963256836 0
1730603328104 4.770895481109619 0
1730603328167 4.20461893081665 0
1730603328232 4.438864707946777 0
1730603328293 4.243860721588135 0
1730603328354 4.543741226196289 0
1730603328416 4.220311164855957 0
1730603328480 4.07594108581543 0
1730603328545 4.652306079864502 0
1730603328610 4.008444309234619 0
1730603328675 4.357128143310547 0
1730603328736 4.504906177520752 0
1730603328798 4.493880271911621 0
1730603328863 4.3368306159973145 0
1730603328927 4.189108848571777 0
1730603328993 4.499131202697754 0
1730603329062 4.602461814880371 0
1730603329133 4.322239875793457 0
1730603329197 4.072712421417236 0
1730603329262 3.9998221397399902 0
1730603329327 4.639321327209473 0
1730603329390 4.209308624267578 0
1730603329452 4.25946044921875 0
1730603329516 4.248783588409424 0
1730603329580 4.185883522033691 0
1730603329643 4.235620498657227 0
1730603329866 3.729945659637451 0
1730603329930 4.7834367752075195 0
1730603329993 4.2838029861450195 0
1730603330057 4.433718681335449 0
1730603330119 4.117404460906982 0
1730603330182 4.213418960571289 0
1730603330245 4.033663272857666 0
1730603330307 4.437131404876709 0
1730603330369 4.171624660491943 0
1730603330432 3.9880471229553223 0
1730603330494 4.580733299255371 0
1730603330557 4.357633590698242 0
1730603330618 4.142361640930176 0
1730603330753 4.400126934051514 0
1730603330868 4.4969987869262695 0
1730603330974 3.962613582611084 0
1730603331049 4.356720447540283 0
1730603331139 4.28729248046875 0
1730603331286 4.3766984939575195 0
1730603331472 4.162747859954834 0
1730603331591 4.71004581451416 0
1730603331681 4.756694316864014 0
1730603331760 3.9695143699645996 0
1730603331841 4.450753211975098 0
1730603332089 4.326975345611572 0
1730603332151 3.5994880199432373 0
1730603332214 4.194402694702148 0
1730603332285 4.712826251983643 0
1730603332350 4.133519172668457 0
1730603332413 4.167365074157715 0
1730603332483 4.1074419021606445 0
1730603332547 4.215179920196533 0
1730603332611 4.329248905181885 0
1730603332674 4.256728172302246 0
1730603332736 4.440509796142578 0
1730603332798 4.225578308105469 0
1730603332861 4.337252140045166 0
1730603332924 4.111212730407715 0
1730603332990 4.710519790649414 0
1730603333056 4.305917739868164 0
1730603333119 4.311966896057129 0
1730603333182 4.103333950042725 0
1730603333246 4.605310916900635 0
1730603333311 4.593716144561768 0
1730603333375 3.8698418140411377 0
1730603333438 4.5282182693481445 0
1730603333504 4.798159122467041 0
1730603333574 4.170305252075195 0
1730603333639 4.641082763671875 0
1730603333701 3.9449384212493896 0
1730603333764 4.3093109130859375 0
1730603333829 4.201677322387695 0
1730603333893 4.364473819732666 0
1730603333964 3.9086265563964844 0
1730603334033 4.479898929595947 0
1730603334112 4.637136936187744 0
1730603334178 4.486063003540039 0
1730603334244 4.215444564819336 0
1730603334309 4.170994758605957 0
1730603334373 4.285626411437988 0
1730603334436 4.576024055480957 0
1730603334498 4.125202655792236 0
1730603334563 4.14705753326416 0
1730603334631 4.318546295166016 0
1730603334696 4.059361934661865 0
1730603334760 4.380560874938965 0
1730603334825 3.6067287921905518 0
1730603334888 3.764097213745117 0
1730603334950 4.422676086425781 0
1730603335014 4.285635471343994 0
1730603335079 4.19949197769165 0
1730603335148 3.8433501720428467 0
1730603335212 4.369119644165039 0
1730603335277 4.282385349273682 0
1730603335342 4.102777004241943 0
1730603335406 3.9902894496917725 0
1730603335469 4.454197406768799 0
1730603335532 4.2733378410339355 0
1730603335594 4.297196388244629 0
1730603335664 4.492002010345459 0
1730603335728 4.026658535003662 0
1730603335795 4.354973316192627 0
1730603335860 4.415284156799316 0
1730603335931 4.407447814941406 0
1730603335994 4.150518417358398 0
1730603336070 4.187149524688721 0
1730603336360 4.731874465942383 0
1730603336426 4.318597793579102 0
1730603336492 4.239508628845215 0
1730603336556 3.8896751403808594 0
1730603336621 4.14744234085083 0
1730603336686 4.156330108642578 0
1730603336753 4.314252853393555 0
1730603336816 4.215391159057617 0
1730603336881 4.307301998138428 0
1730603336946 4.022383689880371 0
1730603337011 4.316983222961426 0
1730603337285 4.234736919403076 0
1730603337349 4.451327323913574 0
1730603337413 4.297114372253418 0
1730603337476 4.642096996307373 0
1730603337541 4.255556583404541 0
1730603337605 4.399631500244141 0
1730603337670 4.203329563140869 0
1730603337732 4.447615623474121 0
1730603337799 4.6058855056762695 0
1730603337863 4.147430896759033 0
1730603337926 3.954677104949951 0
1730603337989 4.597928047180176 0
1730603338252 4.108436584472656 0
1730603338318 3.979840040206909 0
1730603338383 4.337402820587158 0
1730603338447 4.265011310577393 0
1730603338515 4.202035903930664 0
1730603338583 4.266436576843262 0
1730603338647 4.440820693969727 0
1730603338711 4.1946210861206055 0
1730603338777 4.393150329589844 0
1730603338848 4.569303035736084 0
1730603338914 4.541139602661133 0
1730603338978 4.255344390869141 0
1730603339044 4.5195441246032715 0
1730603339110 4.573312759399414 0
1730603339173 4.290160655975342 0
1730603339235 4.423608779907227 0
1730603339298 4.129734992980957 0
1730603339366 4.152349948883057 0
1730603339432 4.264973163604736 0
1730603339496 4.2856669425964355 0
1730603339561 4.530322074890137 0
1730603339624 4.120246410369873 0
1730603339688 4.3706159591674805 0
1730603339752 4.123008728027344 0
1730603339815 4.101479530334473 0
1730603339882 4.489257335662842 0
1730603339947 4.202263832092285 0
1730603340010 4.2114644050598145 0
1730603340075 3.6612870693206787 0
1730603340139 4.196727275848389 0
1730603340204 4.615408420562744 0
1730603340269 4.59550666809082 0
1730603340332 4.135192394256592 0
1730603340398 4.262793064117432 0
1730603340466 4.223031044006348 0
1730603340529 4.270235061645508 0
1730603340591 4.011527061462402 0
1730603340654 4.087025165557861 0
1730603340721 4.25217342376709 0
1730603340791 4.214355945587158 0
1730603340945 4.240649223327637 0
1730603341014 4.55844783782959 0
1730603341087 4.154289245605469 0
1730603341155 4.597906589508057 0
1730603341219 4.111595630645752 0
1730603341282 4.369917869567871 0
1730603341344 4.098575592041016 0
1730603341409 4.42268705368042 0
1730603341478 4.184877395629883 0
1730603341547 4.354287147521973 0
1730603341611 4.338082790374756 0
1730603341676 4.416879177093506 0
1730603341740 4.698141098022461 0
1730603341805 4.065088272094727 0
1730603341869 4.37352991104126 0
1730603341933 4.291757106781006 0
1730603342000 4.371639728546143 0
1730603342068 4.457640647888184 0
1730603342132 4.095810890197754 0
1730603342196 4.5617756843566895 0
1730603342260 4.407440185546875 0
1730603342324 3.915091037750244 0
1730603342386 3.654958486557007 0
1730603342448 4.252960681915283 0
1730603342512 4.266545295715332 0
1730603342584 3.896580219268799 0
1730603342648 4.596128940582275 0
1730603342712 4.176616191864014 0
1730603342775 4.32330846786499 0
1730603342837 4.532866477966309 0
1730603342901 3.6318087577819824 0
1730603342966 4.110080718994141 0
1730603343032 4.39727783203125 0
1730603343113 4.226198673248291 0
1730603343178 4.170306205749512 0
1730603343240 4.376486301422119 0
1730603343302 4.050959587097168 0
1730603343365 4.3533196449279785 0
1730603343430 4.253644943237305 0
1730603343492 4.630545139312744 0
1730603343554 4.457705020904541 0
1730603343624 4.273458957672119 0
1730603343687 4.376961708068848 0
1730603343749 4.285732746124268 0
1730603343814 4.4692816734313965 0
1730603343880 4.531321048736572 0
1730603343943 4.257632732391357 0
1730603344006 4.505068302154541 0
1730603344069 4.357623100280762 0
1730603344139 4.012831211090088 0
1730603344202 4.229526996612549 0
1730603344264 4.272843837738037 0
1730603344327 4.5625081062316895 0
1730603344389 4.58822774887085 0
1730603344450 4.4633331298828125 0
1730603344512 4.404899597167969 0
1730603344575 4.270674228668213 0
1730603344640 4.132460594177246 0
1730603344707 4.0272064208984375 0
1730603344770 4.046220779418945 0
1730603344833 3.596106767654419 0
1730603344895 4.405617713928223 0
1730603344958 3.837782859802246 0
1730603345021 4.510901927947998 0
1730603345084 4.385962963104248 0
1730603345147 4.3373589515686035 0
1730603345223 4.095396041870117 0
1730603345292 4.1340155601501465 0
1730603345359 3.921370029449463 0
1730603345421 4.363670825958252 0
1730603345484 4.304417610168457 0
1730603345548 3.8080499172210693 0
1730603345776 4.223994255065918 0
1730603345838 4.340249061584473 0
1730603345902 4.088821887969971 0
1730603345965 4.157005310058594 0
1730603346054 4.3203558921813965 0
1730603346124 4.168647289276123 0
1730603346220 4.4151105880737305 0
1730603346312 3.9821937084198 0
1730603346376 4.367398738861084 0
1730603346438 4.251700401306152 0
1730603346500 4.572458744049072 0
1730603346561 4.284444808959961 0
1730603346624 4.249946117401123 0
1730603346690 4.226853847503662 0
1730603346756 4.049023151397705 0
1730603346817 4.0893402099609375 0
1730603346880 4.120445728302002 0
1730603346944 4.232310771942139 0
1730603347006 4.3987836837768555 0
1730603347082 4.170194149017334 0
1730603347145 4.017697811126709 0
1730603347209 4.188172817230225 0
1730603347282 4.166593551635742 0
1730603347348 4.147258758544922 0
1730603347442 4.1396074295043945 0
1730603347540 4.19524621963501 0
1730603347638 4.181494235992432 0
1730603347734 4.354623317718506 0
1730603347824 4.432514190673828 0
1730603347902 4.211271286010742 0
1730603347978 4.25906229019165 0
1730603348046 4.204260349273682 0
1730603348110 3.607320547103882 0
1730603348172 4.236790657043457 0
1730603348235 4.510706424713135 0
1730603348305 4.31321382522583 0
1730603348373 4.34976863861084 0
1730603348440 4.328636169433594 0
1730603348501 4.617951393127441 0
1730603348572 4.495850086212158 0
1730603348647 4.149703502655029 0
