1730602897996 4.231621265411377 0
1730602899575 4.233360290527344 0
1730602899642 4.252320766448975 0
1730602899865 4.221574306488037 0
1730602900077 4.214315891265869 0
1730602900139 4.204391002655029 0
1730602900352 4.259610652923584 0
1730602900413 4.254603385925293 0
1730602900627 4.2439775466918945 0
1730602900842 4.206785202026367 0
1730602901059 4.265028476715088 0
1730602901275 4.177666187286377 0
1730602901493 4.2638163566589355 0
1730602901556 4.172397136688232 0
1730602901620 4.277409553527832 0
1730602901833 4.312337398529053 0
1730602902052 4.219637393951416 0
1730602902119 4.199585437774658 0
1730602902333 4.2213616371154785 0
1730602902396 4.265799522399902 0
1730602902461 4.275680065155029 0
1730602902675 4.24498176574707 0
1730602902739 4.2703680992126465 0
1730602902951 4.257136344909668 0
1730602903166 4.183417320251465 0
1730602903229 4.273781776428223 0
1730602903291 4.284979820251465 0
1730602903356 4.303432464599609 0
1730602903417 4.264632225036621 0
1730602903479 4.221213340759277 0
1730602903694 4.334096431732178 0
1730602903910 4.233977317810059 0
1730602903973 4.264011383056641 0
1730602904039 4.2304863929748535 0
1730602904104 4.26763391494751 0
1730602904326 4.2596306800842285 0
1730602904543 4.249251365661621 0
1730602904758 4.124760627746582 0
1730602904973 4.193741321563721 0
1730602905206 4.282993793487549 0
1730602905422 4.175632953643799 0
1730602905485 4.27005672454834 0
1730602905703 4.2796854972839355 0
1730602905920 4.23134708404541 0
1730602905982 4.225291728973389 0
1730602906045 4.128479480743408 0
1730602906110 4.097625255584717 0
1730602906176 4.278949737548828 0
1730602906238 4.135951995849609 0
1730602906455 4.281425952911377 0
1730602906522 4.294220924377441 0
1730602906589 4.232181549072266 0
1730602906651 4.2684526443481445 0
1730602906865 4.279294013977051 0
1730602906929 4.290031909942627 0
1730602906992 4.141476154327393 0
1730602907071 4.307061672210693 0
1730602907136 4.1270222663879395 0
1730602907198 4.321372985839844 0
1730602907264 4.231904029846191 0
1730602907330 4.215595722198486 0
1730602907392 4.329640865325928 0
1730602907454 4.343582630157471 0
1730602907671 4.335189342498779 0
1730602907732 4.123847484588623 0
1730602907794 4.35667085647583 0
1730602907859 4.232008934020996 0
1730602907922 4.3600172996521 0
1730602907983 4.207035064697266 0
1730602908046 4.210453033447266 0
1730602908107 4.062155246734619 0
1730602908169 4.249522686004639 0
1730602908230 4.2058796882629395 0
1730602908292 4.064888000488281 0
1730602908353 4.178014755249023 0
1730602908418 4.160332679748535 0
1730602908480 4.296599864959717 0
1730602908542 4.3881635665893555 0
1730602908603 4.250348091125488 0
1730602908667 4.101906776428223 0
1730602908733 4.233648777008057 0
1730602908957 4.234129905700684 0
1730602909019 4.198464393615723 0
1730602909235 4.315008640289307 0
1730602909300 4.14528226852417 0
1730602909361 4.377976894378662 0
1730602909579 4.176899433135986 0
1730602909641 4.158090591430664 0
1730602909702 4.362502574920654 0
1730602909764 4.112436294555664 0
1730602909828 4.321658611297607 0
1730602909891 4.090216159820557 0
1730602909958 4.110889434814453 0
1730602910020 4.048633098602295 0
1730602910083 4.404957294464111 0
1730602910146 4.164326190948486 0
1730602910208 4.050980091094971 0
1730602910272 4.280112266540527 0
1730602910334 4.024625778198242 0
1730602910396 4.058870315551758 0
1730602910459 4.613180637359619 0
1730602910521 3.971503257751465 0
1730602910583 4.226648807525635 0
1730602910646 4.514280319213867 0
1730602910709 4.029191970825195 0
1730602910772 4.25709867477417 0
1730602910834 4.42605447769165 0
1730602910901 4.245776176452637 0
1730602910967 4.43375301361084 0
1730602911034 4.173251628875732 0
1730602911102 4.172161102294922 0
1730602911164 4.162991046905518 0
1730602911225 3.920095920562744 0
1730602911286 3.895125150680542 0
1730602911348 4.11279296875 0
1730602911410 4.763248443603516 0
1730602911472 3.9169561862945557 0
1730602911534 4.3996148109436035 0
1730602911595 4.556906223297119 0
1730602911658 3.814584255218506 0
1730602911720 4.165741443634033 0
1730602911783 4.2890214920043945 0
1730602911845 4.682145118713379 0
1730602911908 4.250158309936523 0
1730602911970 4.658112049102783 0
1730602912042 3.909900665283203 0
1730602912117 4.1994452476501465 0
1730602912179 4.578725337982178 0
1730602912397 4.236081123352051 0
1730602912459 4.163668155670166 0
1730602912521 4.124187469482422 0
1730602912584 3.95029354095459 0
1730602912645 4.4597954750061035 0
1730602912708 4.262679100036621 0
1730602912771 4.2302093505859375 0
1730602912833 4.308279037475586 0
1730602912899 4.553760528564453 0
1730602913118 4.282934188842773 0
1730602913182 4.190515518188477 0
1730602913248 4.275815010070801 0
1730602913314 4.143837928771973 0
1730602913536 4.348795413970947 0
1730602913599 4.2863922119140625 0
1730602913661 4.202611446380615 0
1730602913723 4.052164554595947 0
1730602913785 4.114616394042969 0
1730602914006 4.144939422607422 0
1730602914227 4.267955303192139 0
1730602914292 4.217751502990723 0
1730602914357 4.137077808380127 0
1730602914430 4.351655960083008 0
1730602914515 4.224201202392578 0
1730602914589 4.1701555252075195 0
1730602914662 4.047082424163818 0
1730602914918 4.351642608642578 0
1730602914980 4.261380195617676 0
1730602915092 4.02439022064209 0
1730602915164 4.077972888946533 0
1730602915235 3.9875290393829346 0
1730602915331 4.084931373596191 0
1730602915418 4.364950180053711 0
1730602915519 4.263285160064697 0
1730602915617 4.278219223022461 0
1730602915709 4.30294132232666 0
1730602915777 4.11824893951416 0
1730602916072 4.31189489364624 0
1730602916235 4.338337421417236 0
1730602916343 4.322030544281006 0
1730602916546 4.334438323974609 0
1730602916721 4.31184196472168 0
1730602916877 4.119437217712402 0
1730602917204 4.349453926086426 0
1730602917651 4.110227584838867 0
1730602917759 4.183900356292725 0
1730602917995 4.299407958984375 0
1730602918327 4.248595237731934 0
1730602918461 4.078007221221924 0
1730602918774 4.0666704177856445 0
1730602918885 4.559238910675049 0
1730602918980 4.360919952392578 0
1730602919210 4.2777299880981445 0
1730602919569 4.231347560882568 0
1730602919745 4.32009220123291 0
1730602919885 4.137163162231445 0
1730602920051 4.289849758148193 0
1730602920165 4.181028842926025 0
1730602920265 4.12654972076416 0
1730602920382 4.071349143981934 0
1730602920496 4.087856769561768 0
1730602920582 4.051750659942627 0
1730602920654 4.333733081817627 0
1730602921040 4.0578765869140625 0
1730602921121 4.3753228187561035 0
1730602921203 4.6181535720825195 0
1730602921284 4.103076934814453 0
1730602921380 4.236962795257568 0
