1730604431116 4.2840776443481445 0
1730604466097 4.306761264801025 0
1730604494523 4.270522594451904 0
1730604523655 4.238559722900391 0
1730604545898 4.251524925231934 0
1730604568166 4.277432918548584 0
1730604590913 4.236945152282715 0
1730604613172 4.252570629119873 0
1730604635078 4.252133846282959 0
1730604656528 4.2361369132995605 0
1730604678322 4.2397613525390625 0
1730604700148 4.252825736999512 0
1730604721849 4.245175838470459 0
1730604743511 4.236776351928711 0
1730604768072 4.238077163696289 0
1730604789961 4.235450744628906 0
1730604815732 4.262366771697998 0
1730604838410 4.216107368469238 0
1730604861146 4.233436107635498 0
