1730604431133 0.01781170442700386 0
1730604466111 0.01781170442700386 0
1730604494545 0.0220525860786438 0
1730604523667 0.02671755664050579 0
1730604545911 0.026463104411959648 0
1730604568178 0.02544529177248478 0
1730604590925 0.027989821508526802 0
1730604613184 0.02989821881055832 0
1730604635091 0.030534351244568825 0
1730604656541 0.030788803473114967 0
1730604678335 0.03099699318408966 0
1730604700161 0.03095844015479088 0
1730604721861 0.03073008358478546 0
1730604743523 0.030352599918842316 0
1730604768084 0.030873620882630348 0
1730604789975 0.02989821881055832 0
1730604815744 0.02888789027929306 0
1730604838423 0.030534351244568825 0
1730604861159 0.030400428920984268 0
