1730603008496 4.352203369140625 0
1730603008563 4.246579647064209 0
1730603008626 4.057788848876953 0
1730603008687 4.173923492431641 0
1730603008750 4.057989597320557 0
1730603008812 4.260594367980957 0
1730603009043 4.1478047370910645 0
1730603009113 4.435676574707031 0
1730603009175 4.011832237243652 0
1730603009239 4.100189685821533 0
1730603009302 4.424384117126465 0
1730603009364 4.270778179168701 0
1730603009427 4.121325969696045 0
1730603009495 4.725857734680176 0
1730603009562 4.235572338104248 0
1730603009624 4.134613037109375 0
1730603009691 4.095672130584717 0
1730603009758 4.013561725616455 0
1730603009823 4.288233757019043 0
1730603009887 4.221597671508789 0
1730603009953 4.185592174530029 0
1730603010017 3.9958910942077637 0
1730603010082 4.160983085632324 0
1730603010146 4.1883320808410645 0
1730603010208 4.390326976776123 0
1730603010271 4.149583339691162 0
1730603010335 4.379794120788574 0
1730603010401 4.8127760887146 0
1730603010464 4.075002193450928 0
1730603010526 4.040781497955322 0
1730603010591 4.238223075866699 0
1730603010654 4.23038911819458 0
1730603010716 4.731085777282715 0
1730603010778 4.266336917877197 0
1730603010840 4.258874893188477 0
1730603010903 4.179112911224365 0
1730603010967 4.403065204620361 0
1730603011032 4.010959625244141 0
1730603011107 4.306264877319336 0
1730603011170 4.1128716468811035 0
1730603011237 4.137445449829102 0
1730603011305 4.248000144958496 0
1730603011378 4.2193217277526855 0
1730603011441 4.1705498695373535 0
1730603011508 4.061769485473633 0
1730603011591 4.600478649139404 0
1730603011666 4.692230701446533 0
1730603011729 4.273798942565918 0
1730603011791 4.140122413635254 0
1730603011854 4.145668029785156 0
1730603011917 4.511361598968506 0
1730603011979 4.188135147094727 0
1730603012043 4.200633525848389 0
1730603012107 4.177392482757568 0
1730603012171 4.218195915222168 0
1730603012233 4.092394828796387 0
1730603012295 4.237603664398193 0
1730603012357 4.50333309173584 0
1730603012420 4.305202484130859 0
1730603012482 4.109859943389893 0
1730603012544 4.254052639007568 0
1730603012608 4.2680888175964355 0
1730603012671 4.499451160430908 0
1730603012734 4.160009860992432 0
1730603012797 4.371450901031494 0
1730603012860 4.144778251647949 0
1730603012924 4.2338032722473145 0
1730603012986 4.273017406463623 0
1730603013048 4.178887367248535 0
1730603013111 4.156157493591309 0
1730603013173 4.148284435272217 0
1730603013236 4.112637042999268 0
1730603013298 4.11383056640625 0
1730603013360 4.191114902496338 0
1730603013423 4.306478977203369 0
1730603013490 4.306062698364258 0
1730603013576 4.419278144836426 0
1730603013665 4.207396030426025 0
1730603013731 4.203819274902344 0
1730603013793 4.220926284790039 0
1730603013856 4.167661190032959 0
1730603013920 4.143575191497803 0
1730603013983 4.3400774002075195 0
1730603014045 4.219000339508057 0
1730603014109 4.3715667724609375 0
1730603014172 4.128992080688477 0
1730603014235 4.149019241333008 0
1730603014296 4.195923805236816 0
1730603014358 4.37177848815918 0
1730603014421 4.147604942321777 0
1730603014484 4.447666168212891 0
1730603014546 4.314815521240234 0
1730603014608 4.156193733215332 0
1730603014671 4.288269996643066 0
1730603014735 4.188893795013428 0
1730603014808 4.26180362701416 0
1730603014891 4.178755283355713 0
1730603014973 4.5005106925964355 0
1730603015056 4.274010181427002 0
1730603015127 4.113852024078369 0
1730603015192 4.225159168243408 0
1730603015256 4.197851657867432 0
1730603015321 4.115848541259766 0
1730603015386 4.434088230133057 0
1730603015449 4.234032154083252 0
1730603015510 4.278772830963135 0
1730603015574 4.173933982849121 0
1730603015638 4.410264492034912 0
1730603015705 4.167600154876709 0
1730603015772 4.272042751312256 0
1730603015846 4.157871723175049 0
1730603015928 4.090633392333984 0
1730603016008 4.100924015045166 0
1730603016094 4.140735626220703 0
1730603016176 4.214348316192627 0
1730603016257 4.14625883102417 0
1730603016337 4.143924713134766 0
1730603016409 4.181760787963867 0
1730603016484 4.241125583648682 0
1730603016552 4.126321315765381 0
1730603016616 4.161060333251953 0
1730603016681 4.229987621307373 0
1730603016806 4.0743889808654785 0
1730603016893 4.033487796783447 0
1730603017178 4.34473991394043 0
1730603017254 4.383160591125488 0
1730603017330 4.263571262359619 0
1730603017399 3.969658374786377 0
1730603017461 4.115711688995361 0
1730603017523 4.039426803588867 0
1730603017585 4.235044002532959 0
1730603017646 4.248861312866211 0
1730603017708 4.25081729888916 0
1730603017928 4.0049262046813965 0
1730603017996 4.219325065612793 0
1730603018149 4.285170078277588 0
1730603018278 4.2688212394714355 0
1730603018414 4.000206470489502 0
1730603018509 3.893540620803833 0
1730603018616 4.8846330642700195 0
1730603018756 4.114704608917236 0
1730603018839 3.8719334602355957 0
1730603018934 3.7910196781158447 0
1730603018999 4.276542663574219 0
1730603019061 4.656729221343994 0
1730603019123 3.8614439964294434 0
1730603019187 5.124156951904297 0
1730603019409 4.174805164337158 0
1730603019473 4.387042999267578 0
1730603019700 4.749736309051514 0
1730603019765 4.385650157928467 0
1730603019829 4.081483840942383 0
1730603019890 4.03771448135376 0
1730603020119 3.8798720836639404 0
1730603020182 4.423649787902832 0
1730603020244 3.8938534259796143 0
1730603020306 4.057188987731934 0
1730603020369 4.3592529296875 0
1730603020432 4.0653862953186035 0
1730603020498 4.945446014404297 0
1730603020563 4.449986457824707 0
1730603020628 3.922452688217163 0
1730603020690 4.408211708068848 0
1730603020753 4.4530792236328125 0
1730603020974 4.334813594818115 0
1730603021043 4.366197109222412 0
1730603021112 4.231151580810547 0
1730603021175 4.240896224975586 0
1730603021238 4.3120880126953125 0
1730603021300 4.351761817932129 0
1730603021362 4.291513919830322 0
1730603021423 4.331774711608887 0
1730603021486 4.57998514175415 0
1730603021549 4.158724308013916 0
1730603021611 4.353513717651367 0
1730603021673 4.176893711090088 0
1730603021735 4.211371898651123 0
1730603021798 4.323563098907471 0
1730603021865 4.230840682983398 0
1730603021938 4.107489585876465 0
1730603022007 4.229945659637451 0
1730603022080 4.516364574432373 0
1730603022149 4.28098201751709 0
1730603022232 4.275357246398926 0
1730603022308 4.176416397094727 0
1730603022381 4.288082122802734 0
1730603022450 4.175454616546631 0
1730603022513 4.174747467041016 0
1730603022742 4.089214324951172 0
1730603022808 4.208569526672363 0
1730603022875 4.532359600067139 0
1730603022937 4.211146354675293 0
1730603023000 4.293207168579102 0
1730603023065 4.24713659286499 0
1730603023127 4.3060431480407715 0
1730603023190 4.121891975402832 0
1730603023340 4.291238307952881 0
1730603023403 4.4160308837890625 0
1730603023472 4.253885746002197 0
1730603023540 4.279179573059082 0
1730603023602 4.238383769989014 0
1730603023663 4.111835956573486 0
1730603023726 4.1739501953125 0
1730603023788 4.170566082000732 0
1730603023850 4.070135593414307 0
1730603023912 4.216043472290039 0
1730603023975 4.156702995300293 0
1730603024038 4.129176616668701 0
1730603024101 4.394183158874512 0
1730603024162 4.515867233276367 0
1730603024224 4.218926906585693 0
1730603024286 4.415504455566406 0
1730603024349 4.3524675369262695 0
1730603024410 4.095012187957764 0
1730603024473 4.0615363121032715 0
1730603024536 4.3907012939453125 0
1730603024599 4.46831750869751 0
1730603024660 4.0651421546936035 0
1730603024722 4.136133193969727 0
1730603024792 4.254278182983398 0
1730603024854 4.2762675285339355 0
1730603024918 4.152289867401123 0
1730603024984 4.304360389709473 0
1730603025072 4.243390083312988 0
1730603025141 4.271744251251221 0
1730603025203 4.191038608551025 0
1730603025265 4.210842609405518 0
1730603025327 3.96474552154541 0
1730603025389 4.2474493980407715 0
1730603025451 4.191296100616455 0
1730603025512 4.2099480628967285 0
1730603025573 4.085971832275391 0
1730603025635 4.258376121520996 0
1730603025696 4.082330703735352 0
1730603025757 4.413475036621094 0
1730603025820 4.306625843048096 0
1730603025883 4.4279866218566895 0
1730603025946 4.334793567657471 0
1730603026009 3.9359400272369385 0
1730603026073 4.183933258056641 0
1730603026138 4.406789302825928 0
1730603026201 4.136664867401123 0
1730603026264 4.014616012573242 0
1730603026325 4.515695571899414 0
1730603026387 4.681964874267578 0
1730603026449 4.0201945304870605 0
1730603026511 4.127856731414795 0
1730603026575 4.107334613800049 0
1730603026638 4.523747444152832 0
1730603026701 4.505010604858398 0
1730603026763 4.1140336990356445 0
1730603026824 4.453321933746338 0
1730603026886 4.126220226287842 0
1730603026948 4.415882587432861 0
1730603027010 4.343025207519531 0
1730603027073 4.21144437789917 0
1730603027137 4.298601150512695 0
1730603027204 4.422178745269775 0
1730603027273 4.29925537109375 0
1730603027339 4.392679214477539 0
1730603027403 4.289067268371582 0
1730603027466 4.6253814697265625 0
1730603027528 4.1994171142578125 0
1730603027591 4.221620559692383 0
1730603027653 4.11857795715332 0
1730603027715 4.23635196685791 0
1730603027777 4.170974254608154 0
1730603027846 4.12785005569458 0
1730603027916 4.242254257202148 0
1730603027979 4.3021674156188965 0
1730603028216 4.154340744018555 0
1730603028277 4.204040050506592 0
1730603028345 4.291832447052002 0
1730603028407 4.189647674560547 0
1730603028471 4.31292200088501 0
1730603028535 4.26201057434082 0
1730603028600 4.182472229003906 0
1730603028662 4.272223472595215 0
1730603028723 4.235581398010254 0
1730603028785 4.47629451751709 0
1730603028847 4.467345714569092 0
1730603028909 4.1411614418029785 0
1730603028972 4.186445713043213 0
1730603029037 4.226503849029541 0
1730603029099 4.283261299133301 0
1730603029161 4.221806049346924 0
1730603029223 4.159373760223389 0
1730603029287 4.018946170806885 0
1730603029351 4.221717834472656 0
1730603029412 4.088125705718994 0
1730603029478 4.0432024002075195 0
1730603029544 4.076098442077637 0
1730603029612 4.316893100738525 0
1730603029674 4.138714790344238 0
1730603029736 4.028162479400635 0
1730603029798 4.4017415046691895 0
1730603029859 4.195578575134277 0
1730603029921 4.524995803833008 0
1730603029983 4.3226470947265625 0
1730603030044 4.280669689178467 0
1730603030106 4.074277400970459 0
1730603030169 4.125643253326416 0
1730603030231 4.067227363586426 0
1730603030293 4.248492240905762 0
1730603030355 4.042420864105225 0
1730603030417 4.041462421417236 0
1730603030478 4.281683921813965 0
1730603030540 3.892225503921509 0
1730603030604 4.668938159942627 0
1730603030666 4.5882673263549805 0
1730603030727 4.005831241607666 0
1730603030790 4.581650733947754 0
1730603030853 4.160780906677246 0
1730603030915 4.171731472015381 0
1730603030977 4.294447898864746 0
1730603031040 3.8958234786987305 0
1730603031103 4.585511684417725 0
1730603031166 4.439138412475586 0
1730603031228 4.146224021911621 0
1730603031290 4.543059349060059 0
1730603031353 4.445680618286133 0
1730603031416 4.2118306159973145 0
1730603031485 4.005854606628418 0
1730603031549 4.233574867248535 0
1730603031611 4.366911888122559 0
1730603031674 4.132946014404297 0
1730603031741 4.1098785400390625 0
1730603031807 3.9922425746917725 0
1730603031874 4.146716594696045 0
1730603031936 4.324519157409668 0
1730603031998 4.195415019989014 0
1730603032080 4.477083206176758 0
1730603032143 4.169075965881348 0
1730603032211 4.474875450134277 0
1730603032273 4.520666122436523 0
1730603032336 4.149864196777344 0
1730603032399 4.178106307983398 0
1730603032460 3.941375494003296 0
1730603032523 4.249449253082275 0
1730603032587 4.120697021484375 0
1730603032650 4.35047721862793 0
1730603032712 4.287957191467285 0
1730603032774 4.564908504486084 0
1730603032836 4.155844211578369 0
1730603032898 4.096174716949463 0
1730603032959 4.183835506439209 0
1730603033022 4.361035346984863 0
1730603033084 4.146575450897217 0
1730603033146 4.1455559730529785 0
1730603033208 4.221596717834473 0
1730603033270 4.138322353363037 0
1730603033333 4.283982753753662 0
1730603033395 4.135045528411865 0
1730603033456 4.455392837524414 0
1730603033518 4.177227020263672 0
1730603033579 4.291204929351807 0
1730603033640 4.2981767654418945 0
1730603033703 4.345914840698242 0
1730603033766 4.3393073081970215 0
1730603033828 4.482004165649414 0
1730603033890 4.154899597167969 0
1730603033956 4.265161991119385 0
1730603034023 4.205760478973389 0
1730603034098 4.287808895111084 0
1730603034160 4.254490375518799 0
1730603034222 4.223728179931641 0
1730603034284 4.275608539581299 0
1730603034346 4.248745918273926 0
1730603034407 4.172880172729492 0
1730603034470 4.294779300689697 0
1730603034532 4.061000823974609 0
1730603034593 4.17037296295166 0
1730603034655 4.386485576629639 0
1730603034718 4.062956809997559 0
1730603034780 4.263841152191162 0
1730603034843 4.2976765632629395 0
1730603034905 4.22308874130249 0
1730603034967 4.210566520690918 0
1730603035188 4.291752815246582 0
1730603035251 4.4216389656066895 0
1730603035312 4.2195916175842285 0
1730603035373 4.123006820678711 0
1730603035435 4.190803527832031 0
1730603035496 4.160273551940918 0
1730603035558 4.109889507293701 0
1730603035621 4.2505974769592285 0
1730603035684 4.24827766418457 0
1730603035746 4.446042060852051 0
1730603035807 4.192469596862793 0
1730603035870 4.091432094573975 0
1730603035933 4.164525985717773 0
1730603035996 4.38897180557251 0
1730603036143 4.384912967681885 0
1730603036209 4.293848514556885 0
1730603036292 4.3766021728515625 0
1730603036367 4.412034034729004 0
1730603036587 4.30835485458374 0
1730603036649 4.3032121658325195 0
1730603036711 4.142333030700684 0
1730603036773 4.204014301300049 0
1730603036837 4.415334701538086 0
1730603036900 4.12258243560791 0
1730603036962 4.1628899574279785 0
1730603037023 4.347171306610107 0
1730603037087 4.364199161529541 0
1730603037149 4.1648335456848145 0
1730603037212 4.376256942749023 0
1730603037274 4.359483242034912 0
1730603037336 4.242105960845947 0
1730603037399 4.209689140319824 0
1730603037461 4.321616172790527 0
1730603037523 4.246184825897217 0
1730603037586 4.171124458312988 0
1730603037648 4.283035755157471 0
1730603037711 4.167799949645996 0
1730603037773 4.182461738586426 0
1730603037836 4.253116130828857 0
1730603037899 4.4929680824279785 0
1730603037962 4.2656755447387695 0
1730603038025 4.273950099945068 0
1730603038095 4.212674617767334 0
1730603038157 4.180948257446289 0
1730603038220 4.143791198730469 0
1730603038282 4.236162185668945 0
1730603038343 4.205416679382324 0
1730603038405 4.252857208251953 0
1730603038471 4.171459197998047 0
1730603038538 4.122109413146973 0
1730603038606 4.280839443206787 0
1730603038670 4.266385078430176 0
1730603038732 4.201653480529785 0
1730603038794 4.215263366699219 0
1730603038856 4.236184597015381 0
1730603038921 4.200509071350098 0
1730603038984 4.217246055603027 0
1730603039055 4.128395080566406 0
1730603039133 4.127743244171143 0
1730603039195 4.209492206573486 0
1730603039256 4.183437347412109 0
1730603039318 4.264397621154785 0
1730603039380 4.27528190612793 0
1730603039442 4.196841239929199 0
1730603039664 4.259608745574951 0
1730603039726 4.132272720336914 0
1730603039788 4.259242534637451 0
1730603039851 4.194729804992676 0
1730603039913 4.209018230438232 0
1730603039975 4.243326187133789 0
1730603040040 4.270678520202637 0
1730603040102 4.15701961517334 0
1730603040164 4.259167194366455 0
1730603040225 4.246800899505615 0
1730603040288 4.345117568969727 0
1730603040350 4.183648586273193 0
1730603040412 4.118314266204834 0
1730603040474 4.1459856033325195 0
1730603040537 4.192550182342529 0
1730603040768 4.259580135345459 0
1730603040834 4.219746112823486 0
1730603040899 4.311193466186523 0
1730603040960 4.185870170593262 0
1730603041023 4.209044933319092 0
1730603041086 4.09864616394043 0
1730603041148 4.24691104888916 0
1730603041210 4.177706241607666 0
1730603041274 4.28928804397583 0
1730603041336 4.291873455047607 0
1730603041399 4.2250518798828125 0
1730603041461 4.288696765899658 0
1730603041523 4.287479400634766 0
1730603041588 4.283258438110352 0
1730603041650 4.241428375244141 0
1730603041712 4.190178871154785 0
1730603041779 4.1424784660339355 0
1730603041839 4.316503524780273 0
1730603041902 4.189400672912598 0
1730603041964 4.176791191101074 0
1730603042025 4.363783359527588 0
1730603042088 4.184980869293213 0
1730603042151 4.346760272979736 0
1730603042212 4.214126110076904 0
1730603042273 4.213649272918701 0
1730603042336 4.217198371887207 0
1730603042397 4.132384300231934 0
1730603042459 4.125599384307861 0
1730603042521 4.238525390625 0
1730603042584 4.30510139465332 0
1730603042644 4.245335578918457 0
1730603042706 4.084903240203857 0
1730603042768 4.204433917999268 0
1730603042830 4.116952896118164 0
1730603042892 4.177042007446289 0
1730603042957 4.10818338394165 0
1730603043022 4.167978286743164 0
1730603043089 4.318655490875244 0
1730603043152 4.078301429748535 0
1730603043215 4.618037223815918 0
1730603043275 4.217832088470459 0
1730603043337 4.299376964569092 0
1730603043400 4.215391159057617 0
1730603043463 4.244823455810547 0
1730603043533 4.145468235015869 0
1730603043607 4.072700023651123 0
1730603043676 4.199352264404297 0
1730603043749 4.258011341094971 0
1730603043822 4.280594825744629 0
1730603043896 4.2526655197143555 0
1730603043965 4.051102638244629 0
1730603044036 4.201237678527832 0
1730603044130 4.205472469329834 0
1730603044209 4.060777187347412 0
1730603044285 4.099612236022949 0
1730603044353 4.379624843597412 0
1730603044423 4.353431701660156 0
1730603044503 4.157948970794678 0
1730603044578 4.195323944091797 0
1730603044649 4.068674564361572 0
1730603044719 4.202845573425293 0
1730603044788 4.233592510223389 0
1730603044858 4.263045310974121 0
1730603044927 4.158874988555908 0
1730603045012 4.1865057945251465 0
1730603045103 4.2273712158203125 0
1730603045180 4.593570709228516 0
1730603045268 4.18599271774292 0
1730603045345 4.247509479522705 0
1730603045437 4.512360095977783 0
1730603045510 4.3753461837768555 0
1730603045581 4.3130717277526855 0
1730603045648 4.171924114227295 0
1730603045894 4.3123273849487305 0
1730603045967 4.237398147583008 0
1730603046051 4.262153625488281 0
1730603046156 4.6371941566467285 0
1730603046243 4.175254821777344 0
1730603046314 4.104183673858643 0
1730603046378 4.338263988494873 0
1730603046445 4.24483585357666 0
1730603046511 4.448539733886719 0
1730603046581 4.316744804382324 0
1730603046664 4.288696765899658 0
1730603046747 4.159493446350098 0
1730603046822 4.231721878051758 0
1730603046892 4.1660308837890625 0
1730603046964 4.416843891143799 0
1730603047035 4.245462894439697 0
1730603047105 4.114394187927246 0
1730603047176 4.321352958679199 0
1730603047248 4.469143867492676 0
1730603047321 4.153172016143799 0
1730603047392 4.230008602142334 0
1730603047459 4.312835216522217 0
1730603047528 4.232059955596924 0
1730603047607 4.221587181091309 0
1730603047795 4.3392109870910645 0
1730603047951 4.193415641784668 0
1730603048028 4.230785846710205 0
1730603048094 4.089865207672119 0
1730603048167 4.185489177703857 0
1730603048232 4.471324920654297 0
1730603048295 4.184959411621094 0
1730603048360 4.328047752380371 0
1730603048425 4.194646835327148 0
1730603048492 4.420886516571045 0
1730603048563 4.411052703857422 0
1730603048631 4.102597236633301 0
1730603048694 4.177324295043945 0
1730603048757 4.210048198699951 0
1730603048820 4.172340393066406 0
1730603048886 4.291046619415283 0
1730603048960 4.199356555938721 0
1730603049024 4.179836273193359 0
1730603049087 4.2039289474487305 0
1730603049149 4.205120086669922 0
1730603049210 4.247989654541016 0
1730603049272 4.509575843811035 0
1730603049334 4.1788811683654785 0
1730603049399 4.282529830932617 0
1730603049464 4.2708821296691895 0
1730603049525 4.406445026397705 0
1730603049587 4.250109672546387 0
1730603049648 4.305784225463867 0
1730603049764 4.192973613739014 0
1730603049831 4.486286163330078 0
