1730569431457 0.011681056581437588 0
1730569460814 0.012933025136590004 0
1730569486722 0.014824227429926395 0
1730569505713 0.014861165545880795 0
1730569524290 0.01489284448325634 0
1730569542910 0.015598507598042488 0
1730569561276 0.01621621660888195 0
1730569579612 0.016462137922644615 0
1730569598092 0.015549900941550732 0
1730569616392 0.01580498181283474 0
1730569634528 0.017307203263044357 0
1730569652923 0.018909091129899025 0
1730569671188 0.01874566078186035 0
1730569689389 0.018817799165844917 0
1730569707717 0.018671758472919464 0
1730569725843 0.020167039707303047 0
1730569743991 0.02056807093322277 0
1730569762394 0.02093944512307644 0
1730569780776 0.02110241912305355 0
1730569798934 0.021781135350465775 0
1730569817107 0.02190524712204933 0
1730569835469 0.02218570187687874 0
1730569853959 0.022289443761110306 0
1730569872029 0.022078122943639755 0
1730569890331 0.02232878841459751 0
1730569909321 0.023001892492175102 0
1730569927486 0.02292993664741516 0
1730569945776 0.023412752896547318 0
1730569964315 0.024004291743040085 0
1730569982369 0.024173526093363762 0
1730570000616 0.02471652440726757 0
1730570018809 0.024860162287950516 0
1730570037093 0.025118310004472733 0
1730570055384 0.02500888891518116 0
1730570073952 0.02548361010849476 0
1730570092002 0.02537093684077263 0
1730570110127 0.025152355432510376 0
1730570128366 0.024943064898252487 0
1730570146567 0.02537963166832924 0
1730570164752 0.02548632025718689 0
1730570182950 0.025384850800037384 0
1730570201128 0.02538730576634407 0
1730570219384 0.02548769675195217 0
1730570237493 0.025776665657758713 0
1730570256111 0.02605494111776352 0
1730570274299 0.026045046746730804 0
1730570292441 0.02630860172212124 0
1730570310888 0.026294607669115067 0
1730570329074 0.026456886902451515 0
1730570347198 0.02609522081911564 0
1730570365399 0.026000509038567543 0
1730570383678 0.0260760560631752 0
1730570401888 0.026066934689879417 0
1730570420081 0.025896253064274788 0
1730570438336 0.026049550622701645 0
1730570456413 0.026119695976376534 0
1730570474550 0.0261877179145813 0
1730570493777 0.02617761120200157 0
1730570512219 0.026242783293128014 0
1730570530480 0.02586270682513714 0
1730570548988 0.025857673957943916 0
1730570567167 0.025709155946969986 0
1730570585269 0.025706395506858826 0
1730570603461 0.025703709572553635 0
1730570621749 0.025632191449403763 0
1730570639916 0.025562580674886703 0
1730570658069 0.02542770840227604 0
1730570676247 0.025561220943927765 0
1730570694371 0.025691311806440353 0
1730570712544 0.0256890207529068 0
1730570730735 0.02568678744137287 0
1730570749215 0.02574755996465683 0
1730570767466 0.02617996372282505 0
1730570785623 0.026110462844371796 0
1730570803795 0.026103321462869644 0
1730570821973 0.02639630436897278 0
1730570840111 0.02638600580394268 0
1730570858539 0.026141492649912834 0
1730570876711 0.02619227021932602 0
1730570894980 0.026241905987262726 0
1730570913189 0.0264037624001503 0
1730570931310 0.026281870901584625 0
1730570949484 0.02655063383281231 0
1730570967709 0.026649119332432747 0
1730570985867 0.0268540121614933 0
1730571004039 0.026893552392721176 0
1730571022365 0.026772908866405487 0
1730571040630 0.02675989642739296 0
1730571058782 0.026851225644350052 0
1730571077196 0.02704373374581337 0
1730571095536 0.026977408677339554 0
1730571113625 0.026912396773695946 0
1730571131813 0.026998650282621384 0
1730571150321 0.026885181665420532 0
1730571168487 0.026921002194285393 0
1730571186668 0.02700471132993698 0
1730571204895 0.027183065190911293 0
1730571223096 0.027405748143792152 0
1730571241277 0.027907636016607285 0
1730571259445 0.02807280234992504 0
