1730569431423 4.233821868896484 0
1730569460795 4.2442426681518555 0
1730569486710 4.233466148376465 0
1730569505702 4.232104778289795 0
1730569524278 4.24513053894043 0
1730569542898 4.2283759117126465 0
1730569561265 4.23726749420166 0
1730569579600 4.240015983581543 0
1730569598081 4.247710704803467 0
1730569616381 4.233044147491455 0
1730569634516 4.227555751800537 0
1730569652912 4.216332912445068 0
1730569671176 4.2483320236206055 0
1730569689378 4.236756324768066 0
1730569707705 4.247247695922852 0
1730569725832 4.2208075523376465 0
1730569743979 4.230959415435791 0
1730569762382 4.235466003417969 0
1730569780765 4.233433723449707 0
1730569798922 4.225489616394043 0
1730569817095 4.241665363311768 0
1730569835457 4.235668659210205 0
1730569853947 4.259547710418701 0
1730569872017 4.244457244873047 0
1730569890319 4.276504039764404 0
1730569909309 4.228458404541016 0
1730569927475 4.232343673706055 0
1730569945764 4.219527721405029 0
1730569964303 4.219897270202637 0
1730569982357 4.232568740844727 0
1730570000604 4.230915069580078 0
1730570018798 4.211997032165527 0
1730570037081 4.226072311401367 0
1730570055373 4.18277645111084 0
1730570073940 4.219631195068359 0
1730570091991 4.251907825469971 0
1730570110115 4.2365217208862305 0
1730570128355 4.235854625701904 0
1730570146555 4.194272518157959 0
1730570164741 4.226634502410889 0
1730570182939 4.239348888397217 0
1730570201117 4.216080188751221 0
1730570219373 4.23373556137085 0
1730570237481 4.1970133781433105 0
1730570256100 4.220850944519043 0
1730570274288 4.225917339324951 0
1730570292430 4.229983806610107 0
1730570310877 4.2250776290893555 0
1730570329062 4.223315715789795 0
1730570347187 4.227816104888916 0
1730570365388 4.216081142425537 0
1730570383666 4.212570667266846 0
1730570401877 4.2014970779418945 0
1730570420069 4.2419843673706055 0
1730570438325 4.212261199951172 0
1730570456402 4.216589450836182 0
1730570474539 4.2219038009643555 0
1730570493765 4.2061872482299805 0
1730570512195 4.234408855438232 0
1730570530469 4.2274885177612305 0
1730570548977 4.201362133026123 0
1730570567156 4.224320888519287 0
1730570585258 4.205911636352539 0
1730570603449 4.219531536102295 0
1730570621738 4.239480018615723 0
1730570639904 4.216268539428711 0
1730570658058 4.222751617431641 0
1730570676235 4.194726943969727 0
1730570694359 4.21908712387085 0
1730570712532 4.227287292480469 0
1730570730724 4.2216925621032715 0
1730570749204 4.175243854522705 0
1730570767454 4.218318939208984 0
1730570785612 4.217037677764893 0
1730570803783 4.213150978088379 0
1730570821961 4.193027973175049 0
1730570840099 4.219165325164795 0
1730570858527 4.1748433113098145 0
1730570876700 4.175931930541992 0
1730570894969 4.190950393676758 0
1730570913178 4.2060651779174805 0
1730570931299 4.208835601806641 0
1730570949472 4.18546199798584 0
1730570967698 4.170614242553711 0
1730570985856 4.199826717376709 0
1730571004019 4.182540416717529 0
1730571022354 4.221493244171143 0
1730571040619 4.247870445251465 0
1730571058770 4.1870222091674805 0
1730571077185 4.172409534454346 0
1730571095525 4.174667835235596 0
1730571113614 4.241691589355469 0
1730571131802 4.184987545013428 0
1730571150310 4.207772254943848 0
1730571168475 4.183355331420898 0
1730571186656 4.159388065338135 0
1730571204884 4.235307216644287 0
1730571223085 4.186676502227783 0
1730571241265 4.136817932128906 0
1730571259433 4.164736747741699 0
